ACA_BM	ACH_BM	ALO_BM	ARO_BM	END_BM	LCA_BM	LRU_BM	LTR_BM	LUM_BM	OCY_BM	OLA_BM	UNK_BM
0	0	0	0	0	0	0	10.49	0	0	0	0
0	0	0	0	0.469	0	0	11.191	0	0	0	0
0	0.667	0	0.731	0	0	0	12.612	0	0	0	0
0	0	0	0.083	0	0	0	6.348	0	0	1.548	0
0.383	0	0	0.186	0.158	0	0	24.427	0	0	0	0
0	0	0	0.201	0	0	0	15.068	0.321	0	0	0
2.978	0	0	0	0.141	0	0	14.495	0.083	0	0	0
0	0	0	0.63	0.452	0	0	17.76	0	0	0	0
2.303	0.975	0	0.291	0.917	0	0	5.276	1.135	0	0	0
1.262	0.23	0	0.2586	2.034	0.228	0.623	0	1.087	0	0	0
1.482	0.76	0	1.947	1.131	0	0	3.836	0.294	0	0	0
0.644	2.022	0	0.334	0.595	0	0	6.276	0.398	0	0	0
0.957	0	0	0	0	0	0	0	0	0	0.229	0
0.461	0	0	0.148	0.125	0	0	8.773	0	0	2.551	0
0	0	0	0.254	0	0	0	11.444	0	0	0	0
1.534	0	0	0.226	0	0	0	17.566	0	0	1.698	0
1.019	0	0	0	0.668	0	0	21.339	0	0.489	0	0
3.21	0	0	0	0	0	0	12.042	0	0	0	0
9.144	0	0	0	0.521	0	0	24.164	0	3.217	0	0
5.253	0	0	0	0.407	0	0	6.68	0	0	0	0
7.019	0	0	0	0.823	0	0	3.085	0	0	0	0
4.351	0	0	0	0.396	0	0	2.032	0	0	0	0
20.376	0	0	0	0.299	0	0	3.892	0	0	0	0
5.394	0	0	0	0	0	0	0	0	0	0	0
0.172	0	0	0	0.059	0	0	0	0	0	0	0
3.618	0	0	0.4	0.148	0	0	8.186	0	0	0	0
3.355	0	0	0.538	0	0	0	5.745	0	0	0	0
0	0	0	0.107	0	0	0	0	0	0	0	0
1.251	0	0	0	0	0	0	13.574	0	0	0	0
0	0	0	0	0	0	0	7.795	0	0	0	0
0	0	0	0	0	0	0	0	0	0	0	0
0	0	0	0	0	0	0	0	0	0	0	0
1.772	0	4.297	0	1.166	0	0	7.656	0	0	0	0
0.509	0	11.429	0.383	2.83	0	0	12.214	0	0	0	0
0	0	11.726	0.391	0.888	0	0	9.2046	0	0	0	0
0	0	2.44	0.788	0.732	0	0	5.115	0	0	0	0
0	0	0	0.323	0.149	0	0	0	0	0	0	0
0	0	0	0	0	0	0	0	0	0	0	0
0	0	0	0	0	0	0	4.356	0	0	0	0
0	0	0	0	0.022	0	0	5.604	0	0	0	0
0	0	0	0	0	0	0	4.438	0	0	0	0
0	0	0	0.304	0	0	0	0	0	0	0	0
0.566	0	0	0.371	0	0	0	16.065	0	0	0	0
1.031	0.379	0	0.349	0.029	0	0	4.594	0	0	0	0
0	0	0	0	0	0	0	4.556	0	0	0	0
0.259	0	0	0	0	0	0	6.48	0	0	0	0
0	0	0	0	0	0	0	8.75	0	0	0	0
0	0	0	0	0	0	0	0	0	0	0	0
0.543	0	0	0	0.555	0	0	0	0	0	0	0
0.645	0	0	0	0	0	0	0	0	0	0	0
0	0	0	0	0	0	0	0	0	0	0	0
0	0	0	0.289	0	0	0	0	0	0	0	0
0.725	0	0	0	0.537	0	0	2.196	0	0	0	0
0	0	0	0	0	0	0	0	0	0	0	0
0	0	0	0	0	0	0	0	0	0	0	0
0	0	0	0	0	0	0	0	0	0	0	0
0	0	0	0	0	0	0	6.475	0	0	0	0
0	0	0	0	0	0	0	0.506	0	0	0	0
0	0	0	0	0	0	0	0	0	0	0	0
0	0	0	0	0	0	0	3.533	0	0	0	0
3.2439	0	0	0	0	0	0	10.8733	0	0	2.0268	0
0.7423	0	0	0.3899	0	0	0	5.0558	0	0	0	0
1.7183	0	0	0	0.5078	0	0	16.9025	0	0	0	0
1.7968	0	0	0	0	0	0	23.0454	0	0	0	0
0	0	0	1.8103	0	0	0	37.0456	0	0	0	0
0.2126	0	0	0.7956	0.0257	0	0	22.50542	0	0	0	0
0	0	0	0	0	0	0	12.5129	0	0	0	0
0.3622	0	0	0.34	0.0532	0	0	8.1593	0	0	0	0
2.3482	4.2529	0	8.2399	4.2014	0.29	0	26.44	0	0	1.9367	0
4.3624	3.0867	0	11.0219	4.0918	0.531	0	13.5511	0	0	0	0
4.2187	5.3869	0	8.1358	2.2236	0.3847	0.8158	17.3613	0.0985	1.0223	0.9384	0.1693
7.9131	4.3225	0	6.1182	2.0886	0.7531	0	20.4233	0.1238	0	0.2971	0
2.5333	0	0	1.0182	0.4641	0	0	23.5489	0	0	1.372	0
4.9449	0	0	0.5974	0	0	0	2.012	0	0	0	0
3.4303	0	0	0	0.0341	0	0	18.0848	0	0	0	0
3.5781	0	0	0	0	0	0	20.5401	0	0	0.9551	0
4.518	0	0	0	0.8764	0	0	16.3319	0	0	0	0
4.8371	0	0	0	0	0	0	22.0615	0	0	0	0
5.0752	0	0	0	0	0	0	34.4177	0	0	0	0
4.1419	0	0	0	0.125	0	0	23.6571	0	0	0	0
14.8968	0	0	0	0.1899	0	0	0	0	0	0	1.997
9.9651	0	0	0.1641	0.7379	1.4345	0	1.5378	0	0	0	0.7809
11.921	0	0	0.1312	1.5455	1.1475	0	0	0	0	0	0
14.047	0	0	0.3858	0.8051	0.8804	0	0	0	0	0	0
0.8571	0	0	0.404	0.2619	0	0	10.826	0	0	0	0
1.0754	0	0	2.0139	0.0369	0	0	13.5295	0	0	0	0
3.2876	0	0	0	0	0	0	8.033	0	0	0	0
5.1313	0	0	0	0	0	0	0	0	0	0	0
0	0	0	0	0	0	0	0	0	0	0	0
0	0	0	0	0	0	0	0.5081	0	0	0	0
0	0	0	0	0	0	0	0.1161	0	0	0	0
6.0955	0	0	0	0.0533	0	0	8.6982	0	0	0	0
1.0989	0.616	0.7126	0.9953	0.2039	0	0	13.1867	0	0	0	0
0.5898	0	4.4132	0.173	0.984	0	0	27.3959	0	0	0	0
2.0883	0	4.6579	0	0.1449	0	0	11.3535	0	0	0	0
1.4942	0.2827	4.554	0.3975	0.2358	0	0	8.1765	0	0	0	0
1.7658	0	0	1.3537	0.2449	0	0	2.973	0	0	0	0
0	0	0	1.9392	0.0922	0	0	0	0	0	0	0
0	0	0	0.779	0.1639	0	0	7.8356	0	0	0	0
0	0	0	0.0912	0.0466	0	0	5.0199	0	0	0	0
1.5301	0	0	0	0.0563	0	0	3.0157	0	0	0	0
0.5637	0	0	0.2217	0.0167	0	0	24.5967	0	0	0	0
0.5717	0	0	0.2654	0	0	0	5.1473	0	0	0	0
0.7315	0	0	0	0.0986	0	0	10.7601	0	0	0	0
0	0	0	0	0	0	0	9.492	0	0	0	0
0.8774	0	4.0235	0	0	0	0	8.4188	0	0	0	0
0	0	0	0	0	0	0	0	0	0	0	0
0.2717	0	0	0	0	0	0	0	0	0	0	0
0	0.4912	0	0.6251	1.5608	0	0	0	0	0	0	0
1.6286	0.5747	0	0.424	0.535	0	0	4.9039	0	0	0	0
0.3405	1.2245	0	1.3715	0.8474	0	0	0	0	0	0	0
1.0484	0.2398	0	1.8292	1.7015	0	0	2.7213	0	0	0	0
0	0	0	0	0	0	0	0	0	0	0	0
0	0	0	0	0	0	0	0	0	0	0	0
0	0	0	0	0	0	0	0	0	0	0	0
0	0	0	0	0	0	0	0	0	0	0	0
0	0.4003	0	0	0	0	0	0	0	0	0	0
0	0	0	0	0.1114	0	0	0.9572	0	0	0	0
0	1.1233	0	0	0	0	0	0.202	0	0	0	0
0	0	0	0	0	0	0	0	0	0	0	0
0	0	0	0.3213	0.0517	0	0	37.8371	0	2.6993	0	0
0	0	0	0	0.2284	0	0	15.3617	0	0	0	0
1.4753	0	0	0	0.3841	0	0	19.085	0	0	0	0
2.5036	0	0	0	0.449	0	0	13.6646	0	5.3321	0	0
2.3628	0	0	0.2325	0.1291	0	0	18.0537	0	0	0	0
2.4715	0	0	1.5551	0.2913	0	0	45.8331	0	0	0	0
0	0	0	0.1504	0.108	0	0	35.1509	0	0	0	0
1.0643	0	0	1.1735	0.4203	0	0	33.2987	0	0	0	0
2.9244	0.5598	0	0.2677	1.7676	0	0	2.1395	0	0	0	0
5.7156	4.2651	0	2.676	5.0305	0.3028	0	7.8252	0	0	0	0
3.6262	2.3434	0	3.5383	5.6239	0	0	5.6711	0	0	0	0
6.1949	6.0801	0	2.8567	5.1857	0.1236	0	0	0.76	0	0	0
1.8282	0	0	0.7047	0	0	0	3.5947	0.488	0	0	0
1.0335	0	0	0.907	0.6792	0	0	31.5877	1.5943	0	1.6299	0
1.5406	0	0	0.7925	0.448	0	0	8.9333	0	0	0	0
0.4008	0	0	0.8753	0.5466	0	0	15.1201	0	0	0	0
1.1078	0	0	0	2.1342	0	0	9.3336	1.5894	0	0	0
1.8649	0	0	0	1.4633	0	0	10.3251	0.9127	0	0	0
4.1741	0	0	0	0.7258	0	0	21.0989	0	1.9471	0	0
0.6424	0	0	0	0.6485	0	0	32.7272	0.1608	0.7744	0	0
12.2747	0	0	0	0.4544	0.0308	0	2.4924	0.2025	0	0	0
24.354	0	0	0.4196	0.0833	0	0	6.7647	0	0	0	0
9.897	0	0	0	0.0654	0	0	1.509	0	0	0	0
17.1281	0	0	0.2952	0.4392	0	0	1.1468	0.1038	0	0	0
0.7171	0	0	0.1459	0.6677	0	0	0	0	0	0	0
5.6608	0	0	0	0	0	0	7.385	0	0	0	0
0	0	0	0	0	0	0	18.961	0	0	0	0
7.4394	0	0	0.4951	1.1919	0	0	0	0	0	0	0
6.1385	1.7067	0	0.2847	3.9012	0	0	7.1231	0	0	0	0
16.3539	0.4759	0	0	0.6947	0	0	4.7092	0.279	0	0	0
12.5069	2.1488	0	0.2723	4.8237	0	0	13.1311	0.7876	0	0	0
6.1579	0.4252	0	0.5036	4.7031	0	0	1.4667	0.0993	0	0	0
0.1345	0	2.9139	0.1666	0.0885	0	0	6.7863	0	0	0	0
0.7877	0	5.1468	0	0.792	0	0	8.8858	0	0	0	0
2.6904	0	3.7558	0.2236	0.3164	0	0	1.1976	0	0	0	0
1.0111	0	4.4443	0	0.2165	0	0	8.0816	0.1341	1.5593	0	0
0	0	0	0.412	0.4008	0	0	2.5368	0	0	0	0
0.7986	0	0	0	0.5287	0	0	5.3339	0	0	0	0
0	0	0	0.5618	0.4673	0	0	7.5929	0	0	0	0
0	0	0	0	0.7561	0	0	0.2376	0	0	0	0
0	0	0	0.6977	0.525	0	0	6.7529	0	0	0	0
0.6582	0.0688	0	0.1162	0.2375	0	0	3.4225	0	0	0	0
0	0	0	0.2679	0.1481	0	0	2.022	0.6438	0	0	0
0.7712	0	0	0	0.0956	0	0	0	0.2229	0	0	0
0	0	0	0	0.1496	0	0	20.4931	0	0	0	0
0	0	0	0	0	0	0	0	0	0	0	0
0	0	0	0	0	0	0	0	0	0	0	0
0	0	0	0	0	0	0	0	0	0	0	0
0	0	0	0	0	0	0	0	0	0	0	0
0	0	0	0	0	0	0	0	0	0	0	0
0	0	0	0	0	0	0	6.1748	0	0	0	0
0	0	0	0	0	0	0	0	0	0	0	0
1.7751	0	0	0.1505	0.0939	0	0	2.5887	0	0	0	0
4.1333	0	0	0	0	0	0	0	0	0	0	0
8.0436	0	0	0	0.4682	0	0	1.9606	0	0	0	0
1.6176	0	0	0	0.154	0	0	0	0.0516	0	0	0
0	0	0	0	0.0034	0	0	0	0	0	0	0
0	0	0	0	0	0	0	4.6774	0	0	0	0
0	0	0	0	0	0	0	0	0	0	0	0
0	0	0	0	0	0	0	0	0	0	0	0
