ID	field.ID	location	field	dgO	dgN	area	WRB	BO_Syst	soty	crop	age_class	age	y_est	samcam	season	year	date	hole	ACA	ACH	ALO	ARO	END	LCA	LRU	LTR	LUM	OCY	OLA	UNK	ACA_BM	ACH_BM	ALO_BM	ARO_BM	END_BM	LCA_BM	LRU_BM	LTR_BM	LUM_BM	OCY_BM	OLA_BM	UNK_BM	pH	mc	cn	sand	silt	clay	ata1	atb1	hum1	ats1	prec1	rad1	ata2	atb2	hum2	ats2	prec2	rad2	soil_coverage	soil_tillage	fertilisation	weed_control	soil_compaction	compaction
1	1	Dornburg	DO_2004	11.658097	51.003187	219	Mollic_Leptosol	BB-RR	uuT	Silphie	E_Sp_old	8	2004	1	autumn	2012	18.09.2012	1	0	0	0	0	0	0	0	3	0	0	0	3	0.000	0.000	0.000	0.000	0.000	0.000	0.000	10.490	0.000	0.000	0.000	0	5.29	13.14	8.33	10.8	55.2	34	16.95	17.48	67.48	18.98	1.85	3849	16.29	16.58	69.24	16.55	11.20	4130	50x50	0	3	2	1	1
2	1	Dornburg	DO_2004	11.658097	51.003187	219	Mollic_Leptosol	BB-RR	uuT	Silphie	E_Sp_old	8	2004	1	autumn	2012	18.09.2012	2	0	0	0	0	1	0	0	3	0	0	0	0	0.000	0.000	0.000	0.000	0.469	0.000	0.000	11.191	0.000	0.000	0.000	0	5.29	13.14	8.33	10.8	55.2	34	16.95	17.48	67.48	18.98	1.85	3849	16.29	16.58	69.24	16.55	11.20	4130	50x50	0	3	2	1	1
3	1	Dornburg	DO_2004	11.658097	51.003187	219	Mollic_Leptosol	BB-RR	uuT	Silphie	E_Sp_old	8	2004	1	autumn	2012	18.09.2012	3	0	1	0	2	0	0	0	3	0	0	0	0	0.000	0.667	0.000	0.731	0.000	0.000	0.000	12.612	0.000	0.000	0.000	0	5.29	13.14	8.33	10.8	55.2	34	16.95	17.48	67.48	18.98	1.85	3849	16.29	16.58	69.24	16.55	11.20	4130	50x50	0	3	2	1	1
4	1	Dornburg	DO_2004	11.658097	51.003187	219	Mollic_Leptosol	BB-RR	uuT	Silphie	E_Sp_old	8	2004	1	autumn	2012	18.09.2012	4	0	0	0	1	0	0	0	4	0	0	2	0	0.000	0.000	0.000	0.083	0.000	0.000	0.000	6.348	0.000	0.000	1.548	0	5.29	13.14	8.33	10.8	55.2	34	16.95	17.48	67.48	18.98	1.85	3849	16.29	16.58	69.24	16.55	11.20	4130	50x50	0	3	2	1	1
5	2	Hessberg	HE_2004	10.78191	50.414685	285	Terra_Fusca	CFn	uT	Silphie	E_Sp_old	8	2004	1	autumn	2012	17.10.2012	1	1	0	0	2	2	0	0	6	0	0	0	2	0.383	0.000	0.000	0.186	0.158	0.000	0.000	24.427	0.000	0.000	0.000	0	7.01	15.54	8.98	12.3	50.4	37.3	9.03	9.69	78.81	11.66	2.28	2497	9.50	9.14	9.59	76.25	0.00	2299	50x50	0	3	2	2	2
6	2	Hessberg	HE_2004	10.78191	50.414685	285	Terra_Fusca	CFn	uT	Silphie	E_Sp_old	8	2004	1	autumn	2012	17.10.2012	2	0	0	0	1	0	0	0	4	2	0	0	3	0.000	0.000	0.000	0.201	0.000	0.000	0.000	15.068	0.321	0.000	0.000	0	7.01	15.54	8.98	12.3	50.4	37.3	9.03	9.69	78.81	11.66	2.28	2497	9.50	9.14	9.59	76.25	0.00	2299	50x50	0	3	2	2	2
7	2	Hessberg	HE_2004	10.78191	50.414685	285	Terra_Fusca	CFn	uT	Silphie	E_Sp_old	8	2004	1	autumn	2012	17.10.2012	3	2	0	0	0	2	0	0	6	1	0	0	1	2.978	0.000	0.000	0.000	0.141	0.000	0.000	14.495	0.083	0.000	0.000	0	7.01	15.54	8.98	12.3	50.4	37.3	9.03	9.69	78.81	11.66	2.28	2497	9.50	9.14	9.59	76.25	0.00	2299	50x50	0	3	2	2	2
8	2	Hessberg	HE_2004	10.78191	50.414685	285	Terra_Fusca	CFn	uT	Silphie	E_Sp_old	8	2004	1	autumn	2012	17.10.2012	4	0	0	0	5	1	0	0	7	0	0	0	1	0.000	0.000	0.000	0.630	0.452	0.000	0.000	17.760	0.000	0.000	0.000	0	7.01	15.54	8.98	12.3	50.4	37.3	9.03	9.69	78.81	11.66	2.28	2497	9.50	9.14	9.59	76.25	0.00	2299	50x50	0	3	2	2	2
9	3	Dornburg	DO_2005	11.656257	51.003652	921	Mollic_Leptosol	BB-RR	uuT	Silphie	E_Sp_old	7	2005	1	autumn	2012	18.09.2012	1	8	5	0	2	14	0	0	1	4	0	0	1	2.303	0.975	0.000	0.291	0.917	0.000	0.000	5.276	1.135	0.000	0.000	0	4.85	14.09	10.95	6.1	63	30.9	16.95	17.48	67.48	18.98	1.85	3849	16.29	16.58	69.24	16.55	11.20	4130	50x50	0	3	2	2	2
10	3	Dornburg	DO_2005	11.656257	51.003652	921	Mollic_Leptosol	BB-RR	uuT	Silphie	E_Sp_old	7	2005	1	autumn	2012	18.09.2012	2	7	1	0	3	46	1	2	0	5	0	0	0	1.262	0.230	0.000	0.259	2.034	0.228	0.623	0.000	1.087	0.000	0.000	0	4.85	14.09	10.95	6.1	63	30.9	16.95	17.48	67.48	18.98	1.85	3849	16.29	16.58	69.24	16.55	11.20	4130	50x50	0	3	2	2	2
11	3	Dornburg	DO_2005	11.656257	51.003652	921	Mollic_Leptosol	BB-RR	uuT	Silphie	E_Sp_old	7	2005	1	autumn	2012	18.09.2012	3	7	3	0	18	20	0	0	2	2	0	0	1	1.482	0.760	0.000	1.947	1.131	0.000	0.000	3.836	0.294	0.000	0.000	0	4.85	14.09	10.95	6.1	63	30.9	16.95	17.48	67.48	18.98	1.85	3849	16.29	16.58	69.24	16.55	11.20	4130	50x50	0	3	2	2	2
12	3	Dornburg	DO_2005	11.656257	51.003652	921	Mollic_Leptosol	BB-RR	uuT	Silphie	E_Sp_old	7	2005	1	autumn	2012	18.09.2012	4	3	9	0	3	12	0	0	2	2	0	0	1	0.644	2.022	0.000	0.334	0.595	0.000	0.000	6.276	0.398	0.000	0.000	0	4.85	14.09	10.95	6.1	63	30.9	16.95	17.48	67.48	18.98	1.85	3849	16.29	16.58	69.24	16.55	11.20	4130	50x50	0	3	2	2	2
13	4	Dornburg	DO_2007	11.657904	51.000938	2319	Mollic_Leptosol	BB-RR	uuT	Silphie	D_Sp_int2	5	2007	1	autumn	2012	17.09.2012	1	1	0	0	0	0	0	0	0	0	0	1	0	0.957	0.000	0.000	0.000	0.000	0.000	0.000	0.000	0.000	0.000	0.229	0	6.80	12.23	9.16	7.2	63.2	29.6	17.26	17.76	66.73	19.15	1.47	3919	14.78	14.84	71.10	16.25	0.00	3329	50x50	0	3	2	2	2
14	4	Dornburg	DO_2007	11.657904	51.000938	2319	Mollic_Leptosol	BB-RR	uuT	Silphie	D_Sp_int2	5	2007	1	autumn	2012	17.09.2012	2	1	0	0	1	1	0	0	2	0	0	1	0	0.461	0.000	0.000	0.148	0.125	0.000	0.000	8.773	0.000	0.000	2.551	0	6.80	12.23	9.16	7.2	63.2	29.6	17.26	17.76	66.73	19.15	1.47	3919	14.78	14.84	71.10	16.25	0.00	3329	50x50	0	3	2	2	2
15	4	Dornburg	DO_2007	11.657904	51.000938	2319	Mollic_Leptosol	BB-RR	uuT	Silphie	D_Sp_int2	5	2007	1	autumn	2012	17.09.2012	3	0	0	0	1	0	0	0	3	0	0	0	0	0.000	0.000	0.000	0.254	0.000	0.000	0.000	11.444	0.000	0.000	0.000	0	6.80	12.23	9.16	7.2	63.2	29.6	17.26	17.76	66.73	19.15	1.47	3919	14.78	14.84	71.10	16.25	0.00	3329	50x50	0	3	2	2	2
16	4	Dornburg	DO_2007	11.657904	51.000938	2319	Mollic_Leptosol	BB-RR	uuT	Silphie	D_Sp_int2	5	2007	1	autumn	2012	17.09.2012	4	2	0	0	1	0	0	0	3	0	0	1	0	1.534	0.000	0.000	0.226	0.000	0.000	0.000	17.566	0.000	0.000	1.698	0	6.80	12.23	9.16	7.2	63.2	29.6	17.26	17.76	66.73	19.15	1.47	3919	14.78	14.84	71.10	16.25	0.00	3329	50x50	0	3	2	2	2
17	5	Erfurt	EF_2007	11.005805	50.98336	172	Chernozem	TTn	uuT	Silphie	D_Sp_int2	5	2007	1	autumn	2012	16.10.2012	1	1	0	0	0	2	0	0	6	0	2	0	2	1.019	0.000	0.000	0.000	0.668	0.000	0.000	21.339	0.000	0.489	0.000	0	7.22	21.47	12.36	12.7	60.2	27.1	11.85	10.47	75.37	12.79	1.12	2795	8.88	7.19	73.82	8.88	0.00	2836	90x50	0	3	1	2	2
18	5	Erfurt	EF_2007	11.005805	50.98336	172	Chernozem	TTn	uuT	Silphie	D_Sp_int2	5	2007	1	autumn	2012	16.10.2012	2	4	0	0	0	0	0	0	6	0	0	0	1	3.210	0.000	0.000	0.000	0.000	0.000	0.000	12.042	0.000	0.000	0.000	0	7.22	21.47	12.36	12.7	60.2	27.1	11.85	10.47	75.37	12.79	1.12	2795	8.88	7.19	73.82	8.88	0.00	2836	90x50	0	3	1	2	2
19	5	Erfurt	EF_2007	11.005805	50.98336	172	Chernozem	TTn	uuT	Silphie	D_Sp_int2	5	2007	1	autumn	2012	16.10.2012	3	7	0	0	0	2	0	0	8	0	4	0	1	9.144	0.000	0.000	0.000	0.521	0.000	0.000	24.164	0.000	3.217	0.000	0	7.22	21.47	12.36	12.7	60.2	27.1	11.85	10.47	75.37	12.79	1.12	2795	8.88	7.19	73.82	8.88	0.00	2836	90x50	0	3	1	2	2
20	5	Erfurt	EF_2007	11.005805	50.98336	172	Chernozem	TTn	uuT	Silphie	D_Sp_int2	5	2007	1	autumn	2012	16.10.2012	4	4	0	0	0	1	0	0	4	0	0	0	0	5.253	0.000	0.000	0.000	0.407	0.000	0.000	6.680	0.000	0.000	0.000	0	7.22	21.47	12.36	12.7	60.2	27.1	11.85	10.47	75.37	12.79	1.12	2795	8.88	7.19	73.82	8.88	0.00	2836	90x50	0	3	1	2	2
21	6	Pahren	PA_2007	11.89876	50.653093	6676	stagnic_Luvisol	SSn	ttU	Silphie	D_Sp_int2	5	2007	1	autumn	2012	19.09.2012	1	21	0	0	0	10	0	0	2	0	0	0	3	7.019	0.000	0.000	0.000	0.823	0.000	0.000	3.085	0.000	0.000	0.000	0	5.87	16.65	8.59	28.9	51.1	20	15.80	16.82	69.39	16.00	2.15	4486	9.98	11.52	72.06	13.83	5.00	4376	50x50	0	4	3	4	2
22	6	Pahren	PA_2007	11.89876	50.653093	6676	stagnic_Luvisol	SSn	ttU	Silphie	D_Sp_int2	5	2007	1	autumn	2012	19.09.2012	2	12	0	0	0	5	0	0	1	0	0	0	3	4.351	0.000	0.000	0.000	0.396	0.000	0.000	2.032	0.000	0.000	0.000	0	5.87	16.65	8.59	28.9	51.1	20	15.80	16.82	69.39	16.00	2.15	4486	9.98	11.52	72.06	13.83	5.00	4376	50x50	0	4	3	4	2
23	6	Pahren	PA_2007	11.89876	50.653093	6676	stagnic_Luvisol	SSn	ttU	Silphie	D_Sp_int2	5	2007	1	autumn	2012	19.09.2012	3	33	0	0	0	2	0	0	2	0	0	0	6	20.376	0.000	0.000	0.000	0.299	0.000	0.000	3.892	0.000	0.000	0.000	0	5.87	16.65	8.59	28.9	51.1	20	15.80	16.82	69.39	16.00	2.15	4486	9.98	11.52	72.06	13.83	5.00	4376	50x50	0	4	3	4	2
24	6	Pahren	PA_2007	11.89876	50.653093	6676	stagnic_Luvisol	SSn	ttU	Silphie	D_Sp_int2	5	2007	1	autumn	2012	19.09.2012	4	9	0	0	0	0	0	0	0	0	0	0	2	5.394	0.000	0.000	0.000	0.000	0.000	0.000	0.000	0.000	0.000	0.000	0	5.87	16.65	8.59	28.9	51.1	20	15.80	16.82	69.39	16.00	2.15	4486	9.98	11.52	72.06	13.83	5.00	4376	50x50	0	4	3	4	2
25	7	Dornburg	DO_2009	11.657303	51.000746	1609	Mollic_Leptosol	BB-RR	uuT	Silphie	C_Sp_int1	3	2009	1	autumn	2012	17.09.2012	1	1	0	0	1	1	0	0	0	0	0	0	1	0.172	0.000	0.000	0.000	0.059	0.000	0.000	0.000	0.000	0.000	0.000	0	6.55	10.86	8.52	10.1	62.4	27.5	17.26	17.76	66.73	19.15	1.47	3919	14.78	14.84	71.10	16.25	0.00	3329	50x50	0	3	2	2	2
26	7	Dornburg	DO_2009	11.657303	51.000746	1609	Mollic_Leptosol	BB-RR	uuT	Silphie	C_Sp_int1	3	2009	1	autumn	2012	17.09.2012	2	3	0	0	2	2	0	0	2	0	0	0	0	3.618	0.000	0.000	0.400	0.148	0.000	0.000	8.186	0.000	0.000	0.000	0	6.55	10.86	8.52	10.1	62.4	27.5	17.26	17.76	66.73	19.15	1.47	3919	14.78	14.84	71.10	16.25	0.00	3329	50x50	0	3	2	2	2
27	7	Dornburg	DO_2009	11.657303	51.000746	1609	Mollic_Leptosol	BB-RR	uuT	Silphie	C_Sp_int1	3	2009	1	autumn	2012	17.09.2012	3	4	0	0	3	0	0	0	2	0	0	0	0	3.355	0.000	0.000	0.538	0.000	0.000	0.000	5.745	0.000	0.000	0.000	0	6.55	10.86	8.52	10.1	62.4	27.5	17.26	17.76	66.73	19.15	1.47	3919	14.78	14.84	71.10	16.25	0.00	3329	50x50	0	3	2	2	2
28	7	Dornburg	DO_2009	11.657303	51.000746	1609	Mollic_Leptosol	BB-RR	uuT	Silphie	C_Sp_int1	3	2009	1	autumn	2012	17.09.2012	4	0	0	0	1	0	0	0	0	0	0	0	0	0.000	0.000	0.000	0.107	0.000	0.000	0.000	0.000	0.000	0.000	0.000	0	6.55	10.86	8.52	10.1	62.4	27.5	17.26	17.76	66.73	19.15	1.47	3919	14.78	14.84	71.10	16.25	0.00	3329	50x50	0	3	2	2	2
29	8	Erfurt	EF_2009	11.004722	50.981567	2818	Chernozem	TTn	uuT	Silphie	C_Sp_int1	3	2009	1	autumn	2012	16.10.2012	1	1	0	0	0	0	0	0	3	0	0	0	0	1.251	0.000	0.000	0.000	0.000	0.000	0.000	13.574	0.000	0.000	0.000	0	7.24	16.31	13.15	10.2	62.1	27.7	11.85	10.47	75.37	12.79	1.12	2795	8.88	7.19	73.82	8.88	0.00	2836	90x50	0	3	1	3	2
30	8	Erfurt	EF_2009	11.004722	50.981567	2818	Chernozem	TTn	uuT	Silphie	C_Sp_int1	3	2009	1	autumn	2012	16.10.2012	2	0	0	0	0	0	0	0	1	0	0	0	0	0.000	0.000	0.000	0.000	0.000	0.000	0.000	7.795	0.000	0.000	0.000	0	7.24	16.31	13.15	10.2	62.1	27.7	11.85	10.47	75.37	12.79	1.12	2795	8.88	7.19	73.82	8.88	0.00	2836	90x50	0	3	1	3	2
31	8	Erfurt	EF_2009	11.004722	50.981567	2818	Chernozem	TTn	uuT	Silphie	C_Sp_int1	3	2009	1	autumn	2012	16.10.2012	3	0	0	0	0	0	0	0	0	0	0	0	0	0.000	0.000	0.000	0.000	0.000	0.000	0.000	0.000	0.000	0.000	0.000	0	7.24	16.31	13.15	10.2	62.1	27.7	11.85	10.47	75.37	12.79	1.12	2795	8.88	7.19	73.82	8.88	0.00	2836	90x50	0	3	1	3	2
32	8	Erfurt	EF_2009	11.004722	50.981567	2818	Chernozem	TTn	uuT	Silphie	C_Sp_int1	3	2009	1	autumn	2012	16.10.2012	4	0	0	0	0	0	0	0	0	0	0	0	0	0.000	0.000	0.000	0.000	0.000	0.000	0.000	0.000	0.000	0.000	0.000	0	7.24	16.31	13.15	10.2	62.1	27.7	11.85	10.47	75.37	12.79	1.12	2795	8.88	7.19	73.82	8.88	0.00	2836	90x50	0	3	1	3	2
33	9	Poppenburg	PO_2009	9.780602	52.145969	120	Haplic_Luvisol	LLn	tU	Silphie	C_Sp_int1	3	2009	1	autumn	2012	23.10.2012	1	4	0	6	0	8	0	0	10	0	0	0	3	1.772	0.000	4.297	0.000	1.166	0.000	0.000	7.656	0.000	0.000	0.000	0	6.26	11.87	9.02	16.9	68.6	14.5	10.41	10.65	84.22	11.47	1.60	2006	9.86	10.29	97.45	11.98	0.00	472	50x50	0	3	2	3	2
34	9	Poppenburg	PO_2009	9.780602	52.145969	120	Haplic_Luvisol	LLn	tU	Silphie	C_Sp_int1	3	2009	1	autumn	2012	23.10.2012	2	1	0	7	2	15	0	0	11	0	0	0	4	0.509	0.000	11.429	0.383	2.830	0.000	0.000	12.214	0.000	0.000	0.000	0	6.26	11.87	9.02	16.9	68.6	14.5	10.41	10.65	84.22	11.47	1.60	2006	9.86	10.29	97.45	11.98	0.00	472	50x50	0	3	2	3	2
35	9	Poppenburg	PO_2009	9.780602	52.145969	120	Haplic_Luvisol	LLn	tU	Silphie	C_Sp_int1	3	2009	1	autumn	2012	23.10.2012	3	0	0	11	2	6	0	0	8	0	0	0	0	0.000	0.000	11.726	0.391	0.888	0.000	0.000	9.205	0.000	0.000	0.000	0	6.26	11.87	9.02	16.9	68.6	14.5	10.41	10.65	84.22	11.47	1.60	2006	9.86	10.29	97.45	11.98	0.00	472	50x50	0	3	2	3	2
36	9	Poppenburg	PO_2009	9.780602	52.145969	120	Haplic_Luvisol	LLn	tU	Silphie	C_Sp_int1	3	2009	1	autumn	2012	23.10.2012	4	0	0	3	3	3	0	0	6	0	0	0	0	0.000	0.000	2.440	0.788	0.732	0.000	0.000	5.115	0.000	0.000	0.000	0	6.26	11.87	9.02	16.9	68.6	14.5	10.41	10.65	84.22	11.47	1.60	2006	9.86	10.29	97.45	11.98	0.00	472	50x50	0	3	2	3	2
37	10	Erfurt	EF_2011	10.999336	50.980493	9247	Chernozem	TTn	uuT	Silphie	B_Sp_young	1	2011	1	autumn	2012	16.10.2012	1	0	0	0	1	1	0	0	0	0	0	0	0	0.000	0.000	0.000	0.323	0.149	0.000	0.000	0.000	0.000	0.000	0.000	0	7.36	15.50	18.34	12.7	58	29.3	11.85	10.47	75.37	12.79	1.12	2795	8.88	7.19	73.82	8.88	0.00	2836	90x50	0	3	4	4	2
38	10	Erfurt	EF_2011	10.999336	50.980493	9247	Chernozem	TTn	uuT	Silphie	B_Sp_young	1	2011	1	autumn	2012	16.10.2012	2	0	0	0	0	0	0	0	0	0	0	0	0	0.000	0.000	0.000	0.000	0.000	0.000	0.000	0.000	0.000	0.000	0.000	0	7.36	15.50	18.34	12.7	58	29.3	11.85	10.47	75.37	12.79	1.12	2795	8.88	7.19	73.82	8.88	0.00	2836	90x50	0	3	4	4	2
39	10	Erfurt	EF_2011	10.999336	50.980493	9247	Chernozem	TTn	uuT	Silphie	B_Sp_young	1	2011	1	autumn	2012	16.10.2012	3	0	0	0	0	0	0	0	1	0	0	0	0	0.000	0.000	0.000	0.000	0.000	0.000	0.000	4.356	0.000	0.000	0.000	0	7.36	15.50	18.34	12.7	58	29.3	11.85	10.47	75.37	12.79	1.12	2795	8.88	7.19	73.82	8.88	0.00	2836	90x50	0	3	4	4	2
40	10	Erfurt	EF_2011	10.999336	50.980493	9247	Chernozem	TTn	uuT	Silphie	B_Sp_young	1	2011	1	autumn	2012	16.10.2012	4	0	0	0	0	1	0	0	1	0	0	0	0	0.000	0.000	0.000	0.000	0.022	0.000	0.000	5.604	0.000	0.000	0.000	0	7.36	15.50	18.34	12.7	58	29.3	11.85	10.47	75.37	12.79	1.12	2795	8.88	7.19	73.82	8.88	0.00	2836	90x50	0	3	4	4	2
41	11	Niederdorla	ND_2011	10.399994	51.136251	9278	Stagnic_Luvisol	SS-LL	tU	Silphie	B_Sp_young	1	2011	1	autumn	2012	08.11.2012	1	0	0	0	0	0	0	0	1	0	0	0	0	0.000	0.000	0.000	0.000	0.000	0.000	0.000	4.438	0.000	0.000	0.000	0	6.77	23.49	8.82	10.1	69.6	20.3	7.11	6.75	89.54	7.86	1.13	1422	7.87	7.45	81.59	6.97	0.00	390	50x50	0	2	4	4	3
42	11	Niederdorla	ND_2011	10.399994	51.136251	9278	Stagnic_Luvisol	SS-LL	tU	Silphie	B_Sp_young	1	2011	1	autumn	2012	08.11.2012	2	0	0	0	2	0	0	0	0	0	0	0	0	0.000	0.000	0.000	0.304	0.000	0.000	0.000	0.000	0.000	0.000	0.000	0	6.77	23.49	8.82	10.1	69.6	20.3	7.11	6.75	89.54	7.86	1.13	1422	7.87	7.45	81.59	6.97	0.00	390	50x50	0	2	4	4	3
43	11	Niederdorla	ND_2011	10.399994	51.136251	9278	Stagnic_Luvisol	SS-LL	tU	Silphie	B_Sp_young	1	2011	1	autumn	2012	08.11.2012	3	2	0	0	1	0	0	0	3	0	0	0	1	0.566	0.000	0.000	0.371	0.000	0.000	0.000	16.065	0.000	0.000	0.000	0	6.77	23.49	8.82	10.1	69.6	20.3	7.11	6.75	89.54	7.86	1.13	1422	7.87	7.45	81.59	6.97	0.00	390	50x50	0	2	4	4	3
44	11	Niederdorla	ND_2011	10.399994	51.136251	9278	Stagnic_Luvisol	SS-LL	tU	Silphie	B_Sp_young	1	2011	1	autumn	2012	08.11.2012	4	2	1	0	2	1	0	0	1	0	0	0	0	1.031	0.379	0.000	0.349	0.029	0.000	0.000	4.594	0.000	0.000	0.000	0	6.77	23.49	8.82	10.1	69.6	20.3	7.11	6.75	89.54	7.86	1.13	1422	7.87	7.45	81.59	6.97	0.00	390	50x50	0	2	4	4	3
45	12	Ronneberg	RO_2011	9.609485	52.295013	1197	Haplic_Luvisol	LLn	ttU	Silphie	B_Sp_young	1	2011	1	autumn	2012	23.10.2012	1	0	0	0	0	0	0	0	1	0	0	0	0	0.000	0.000	0.000	0.000	0.000	0.000	0.000	4.556	0.000	0.000	0.000	0	5.30	15.90	9.86	10.4	75.1	14.5	11.81	11.41	82.77	12.03	3.00	2046	10.85	10.89	94.55	12.53	0.00	383	60x60	0	4	4	5	3
46	12	Ronneberg	RO_2011	9.609485	52.295013	1197	Haplic_Luvisol	LLn	ttU	Silphie	B_Sp_young	1	2011	1	autumn	2012	23.10.2012	2	1	0	0	0	0	0	0	1	0	0	0	0	0.259	0.000	0.000	0.000	0.000	0.000	0.000	6.480	0.000	0.000	0.000	0	5.30	15.90	9.86	10.4	75.1	14.5	11.81	11.41	82.77	12.03	3.00	2046	10.85	10.89	94.55	12.53	0.00	383	60x60	0	4	4	5	3
47	12	Ronneberg	RO_2011	9.609485	52.295013	1197	Haplic_Luvisol	LLn	ttU	Silphie	B_Sp_young	1	2011	1	autumn	2012	23.10.2012	3	0	0	0	0	0	0	0	2	0	0	0	0	0.000	0.000	0.000	0.000	0.000	0.000	0.000	8.750	0.000	0.000	0.000	0	5.30	15.90	9.86	10.4	75.1	14.5	11.81	11.41	82.77	12.03	3.00	2046	10.85	10.89	94.55	12.53	0.00	383	60x60	0	4	4	5	3
48	12	Ronneberg	RO_2011	9.609485	52.295013	1197	Haplic_Luvisol	LLn	ttU	Silphie	B_Sp_young	1	2011	1	autumn	2012	23.10.2012	4	0	0	0	0	0	0	0	0	0	0	0	0	0.000	0.000	0.000	0.000	0.000	0.000	0.000	0.000	0.000	0.000	0.000	0	5.30	15.90	9.86	10.4	75.1	14.5	11.81	11.41	82.77	12.03	3.00	2046	10.85	10.89	94.55	12.53	0.00	383	60x60	0	4	4	5	3
49	13	Dornburg	DO_Mais	11.656488	51.003322	906	Mollic_Leptosol	BB-RR	uuT	Maize	A_Cm	0	2012	1	autumn	2012	18.09.2012	1	1	0	0	0	4	0	0	0	0	0	0	0	0.543	0.000	0.000	0.000	0.555	0.000	0.000	0.000	0.000	0.000	0.000	0	6.34	12.76	8.25	7.4	60.5	32.1	16.95	17.48	67.48	18.98	1.85	3849	16.29	16.58	69.24	16.55	11.20	4130	75x20	1	2	3	6	2
50	13	Dornburg	DO_Mais	11.656488	51.003322	906	Mollic_Leptosol	BB-RR	uuT	Maize	A_Cm	0	2012	1	autumn	2012	18.09.2012	2	1	0	0	0	0	0	0	0	0	0	0	0	0.645	0.000	0.000	0.000	0.000	0.000	0.000	0.000	0.000	0.000	0.000	0	6.34	12.76	8.25	7.4	60.5	32.1	16.95	17.48	67.48	18.98	1.85	3849	16.29	16.58	69.24	16.55	11.20	4130	75x20	1	2	3	6	2
51	13	Dornburg	DO_Mais	11.656488	51.003322	906	Mollic_Leptosol	BB-RR	uuT	Maize	A_Cm	0	2012	1	autumn	2012	18.09.2012	3	0	0	0	0	0	0	0	0	0	0	0	0	0.000	0.000	0.000	0.000	0.000	0.000	0.000	0.000	0.000	0.000	0.000	0	6.34	12.76	8.25	7.4	60.5	32.1	16.95	17.48	67.48	18.98	1.85	3849	16.29	16.58	69.24	16.55	11.20	4130	75x20	1	2	3	6	2
52	13	Dornburg	DO_Mais	11.656488	51.003322	906	Mollic_Leptosol	BB-RR	uuT	Maize	A_Cm	0	2012	1	autumn	2012	18.09.2012	4	0	0	0	1	0	0	0	0	0	0	0	0	0.000	0.000	0.000	0.289	0.000	0.000	0.000	0.000	0.000	0.000	0.000	0	6.34	12.76	8.25	7.4	60.5	32.1	16.95	17.48	67.48	18.98	1.85	3849	16.29	16.58	69.24	16.55	11.20	4130	75x20	1	2	3	6	2
53	14	Niederdorla	ND_Mais	10.438575	51.17563	70603	Stagnic_Luvisol	SS-LL	tU	Maize	A_Cm	0	2012	1	autumn	2012	15.10.2012	1	1	0	0	0	3	0	0	1	0	0	0	0	0.725	0.000	0.000	0.000	0.537	0.000	0.000	2.196	0.000	0.000	0.000	0	6.00	19.48	9.02	7.6	72	20.4	9.92	9.71	86.56	11.24	1.40	2705	7.14	7.13	96.00	8.88	0.90	864	75x20	1	3	3	6	3
54	14	Niederdorla	ND_Mais	10.438575	51.17563	70603	Stagnic_Luvisol	SS-LL	tU	Maize	A_Cm	0	2012	1	autumn	2012	15.10.2012	2	0	0	0	0	0	0	0	0	0	0	0	0	0.000	0.000	0.000	0.000	0.000	0.000	0.000	0.000	0.000	0.000	0.000	0	6.00	19.48	9.02	7.6	72	20.4	9.92	9.71	86.56	11.24	1.40	2705	7.14	7.13	96.00	8.88	0.90	864	75x20	1	3	3	6	3
55	14	Niederdorla	ND_Mais	10.438575	51.17563	70603	Stagnic_Luvisol	SS-LL	tU	Maize	A_Cm	0	2012	1	autumn	2012	15.10.2012	3	0	0	0	0	0	0	0	0	0	0	0	0	0.000	0.000	0.000	0.000	0.000	0.000	0.000	0.000	0.000	0.000	0.000	0	6.00	19.48	9.02	7.6	72	20.4	9.92	9.71	86.56	11.24	1.40	2705	7.14	7.13	96.00	8.88	0.90	864	75x20	1	3	3	6	3
56	14	Niederdorla	ND_Mais	10.438575	51.17563	70603	Stagnic_Luvisol	SS-LL	tU	Maize	A_Cm	0	2012	1	autumn	2012	15.10.2012	4	0	0	0	0	0	0	0	0	0	0	0	0	0.000	0.000	0.000	0.000	0.000	0.000	0.000	0.000	0.000	0.000	0.000	0	6.00	19.48	9.02	7.6	72	20.4	9.92	9.71	86.56	11.24	1.40	2705	7.14	7.13	96.00	8.88	0.90	864	75x20	1	3	3	6	3
57	15	Ronneberg	RO_Mais	9.608546	52.294104	35300	Haplic_Luvisol	LLn	ttU	Maize	A_Cm	0	2012	1	autumn	2012	23.10.2012	1	0	0	0	0	0	0	0	2	0	0	0	0	0.000	0.000	0.000	0.000	0.000	0.000	0.000	6.475	0.000	0.000	0.000	0	5.82	16.79	8.91	10.2	75.3	14.5	11.81	11.41	82.77	12.03	3.00	2046	10.85	10.89	94.55	12.53	0.00	383	75x20	1	4	3	6	3
58	15	Ronneberg	RO_Mais	9.608546	52.294104	35300	Haplic_Luvisol	LLn	ttU	Maize	A_Cm	0	2012	1	autumn	2012	23.10.2012	2	0	0	0	0	0	0	0	1	0	0	0	0	0.000	0.000	0.000	0.000	0.000	0.000	0.000	0.506	0.000	0.000	0.000	0	5.82	16.79	8.91	10.2	75.3	14.5	11.81	11.41	82.77	12.03	3.00	2046	10.85	10.89	94.55	12.53	0.00	383	75x20	1	4	3	6	3
59	15	Ronneberg	RO_Mais	9.608546	52.294104	35300	Haplic_Luvisol	LLn	ttU	Maize	A_Cm	0	2012	1	autumn	2012	23.10.2012	3	0	0	0	0	0	0	0	0	0	0	0	0	0.000	0.000	0.000	0.000	0.000	0.000	0.000	0.000	0.000	0.000	0.000	0	5.82	16.79	8.91	10.2	75.3	14.5	11.81	11.41	82.77	12.03	3.00	2046	10.85	10.89	94.55	12.53	0.00	383	75x20	1	4	3	6	3
60	15	Ronneberg	RO_Mais	9.608546	52.294104	35300	Haplic_Luvisol	LLn	ttU	Maize	A_Cm	0	2012	1	autumn	2012	23.10.2012	4	0	0	0	0	0	0	0	2	0	0	0	0	0.000	0.000	0.000	0.000	0.000	0.000	0.000	3.533	0.000	0.000	0.000	0	5.82	16.79	8.91	10.2	75.3	14.5	11.81	11.41	82.77	12.03	3.00	2046	10.85	10.89	94.55	12.53	0.00	383	75x20	1	4	3	6	3
61	1	Dornburg	DO_2004	11.658097	51.003187	219	Mollic_Leptosol	BB-RR	uuT	Silphie	E_Sp_old	9	2004	2	spring	2013	15.04.2013	1	3	0	0	1	0	0	0	4	0	0	1	0	3.244	0.000	0.000	0.000	0.000	0.000	0.000	10.873	0.000	0.000	2.027	0	5.72	19.53	8.33	10.8	55.2	34	1.64	3.02	69.08	3.87	1.17	3145	17.30	17.13	49.63	11.02	0.00	6042	50x50	0	3	1	1	1
62	1	Dornburg	DO_2004	11.658097	51.003187	219	Mollic_Leptosol	BB-RR	uuT	Silphie	E_Sp_old	9	2004	2	spring	2013	15.04.2013	2	1	0	0	2	0	0	0	1	0	0	0	5	0.742	0.000	0.000	0.390	0.000	0.000	0.000	5.056	0.000	0.000	0.000	0	5.72	19.53	8.33	10.8	55.2	34	1.64	3.02	69.08	3.87	1.17	3145	17.30	17.13	49.63	11.02	0.00	6042	50x50	0	3	1	1	1
63	1	Dornburg	DO_2004	11.658097	51.003187	219	Mollic_Leptosol	BB-RR	uuT	Silphie	E_Sp_old	9	2004	2	spring	2013	15.04.2013	3	1	0	0	0	1	0	0	4	0	0	0	0	1.718	0.000	0.000	0.000	0.508	0.000	0.000	16.903	0.000	0.000	0.000	0	5.72	19.53	8.33	10.8	55.2	34	1.64	3.02	69.08	3.87	1.17	3145	17.30	17.13	49.63	11.02	0.00	6042	50x50	0	3	1	1	1
64	1	Dornburg	DO_2004	11.658097	51.003187	219	Mollic_Leptosol	BB-RR	uuT	Silphie	E_Sp_old	9	2004	2	spring	2013	15.04.2013	4	2	0	0	0	0	0	0	5	0	0	0	0	1.797	0.000	0.000	0.000	0.000	0.000	0.000	23.045	0.000	0.000	0.000	0	5.72	19.53	8.33	10.8	55.2	34	1.64	3.02	69.08	3.87	1.17	3145	17.30	17.13	49.63	11.02	0.00	6042	50x50	0	3	1	1	1
65	2	Hessberg	HE_2004	10.78191	50.414685	285	Terra_Fusca	CFn	uT	Silphie	E_Sp_old	9	2004	2	spring	2013	24.04.2013	1	0	0	0	8	0	0	0	14	0	0	0	0	0.000	0.000	0.000	1.810	0.000	0.000	0.000	37.046	0.000	0.000	0.000	0	5.27	20.49	8.98	12.3	50.4	37.3	4.97	5.53	71.06	5.04	0.91	3398	11.23	13.46	68.78	10.81	0.00	6076	50x50	0	3	2	2	2
66	2	Hessberg	HE_2004	10.78191	50.414685	285	Terra_Fusca	CFn	uT	Silphie	E_Sp_old	9	2004	2	spring	2013	24.04.2013	2	1	0	0	4	1	0	0	7	0	0	0	0	0.213	0.000	0.000	0.796	0.026	0.000	0.000	22.505	0.000	0.000	0.000	0	5.27	20.49	8.98	12.3	50.4	37.3	4.97	5.53	71.06	5.04	0.91	3398	11.23	13.46	68.78	10.81	0.00	6076	50x50	0	3	2	2	2
67	2	Hessberg	HE_2004	10.78191	50.414685	285	Terra_Fusca	CFn	uT	Silphie	E_Sp_old	9	2004	2	spring	2013	24.04.2013	3	0	0	0	0	0	0	0	6	0	0	0	0	0.000	0.000	0.000	0.000	0.000	0.000	0.000	12.513	0.000	0.000	0.000	0	5.27	20.49	8.98	12.3	50.4	37.3	4.97	5.53	71.06	5.04	0.91	3398	11.23	13.46	68.78	10.81	0.00	6076	50x50	0	3	2	2	2
68	2	Hessberg	HE_2004	10.78191	50.414685	285	Terra_Fusca	CFn	uT	Silphie	E_Sp_old	9	2004	2	spring	2013	24.04.2013	4	1	0	0	2	1	0	0	3	0	0	0	0	0.362	0.000	0.000	0.340	0.053	0.000	0.000	8.159	0.000	0.000	0.000	0	5.27	20.49	8.98	12.3	50.4	37.3	4.97	5.53	71.06	5.04	0.91	3398	11.23	13.46	68.78	10.81	0.00	6076	50x50	0	3	2	2	2
69	3	Dornburg	DO_2005	11.656257	51.003652	921	Mollic_Leptosol	BB-RR	uuT	Silphie	E_Sp_old	8	2005	2	spring	2013	15.04.2013	1	8	14	0	42	32	2	0	6	0	0	2	1	2.348	4.253	0.000	8.240	4.201	0.290	0.000	26.440	0.000	0.000	1.937	0	7.25	19.54	10.95	6.1	63	30.9	1.64	3.02	69.08	3.87	1.17	3145	17.30	17.13	49.63	11.02	0.00	6042	50x50	0	3	1	2	2
70	3	Dornburg	DO_2005	11.656257	51.003652	921	Mollic_Leptosol	BB-RR	uuT	Silphie	E_Sp_old	8	2005	2	spring	2013	15.04.2013	2	13	10	0	60	31	2	0	5	0	0	0	3	4.362	3.087	0.000	11.022	4.092	0.531	0.000	13.551	0.000	0.000	0.000	0	7.25	19.54	10.95	6.1	63	30.9	1.64	3.02	69.08	3.87	1.17	3145	17.30	17.13	49.63	11.02	0.00	6042	50x50	0	3	1	2	2
71	3	Dornburg	DO_2005	11.656257	51.003652	921	Mollic_Leptosol	BB-RR	uuT	Silphie	E_Sp_old	8	2005	2	spring	2013	15.04.2013	3	18	15	0	36	23	2	1	10	1	1	1	1	4.219	5.387	0.000	8.136	2.224	0.385	0.816	17.361	0.099	1.022	0.938	0.1693	7.25	19.54	10.95	6.1	63	30.9	1.64	3.02	69.08	3.87	1.17	3145	17.30	17.13	49.63	11.02	0.00	6042	50x50	0	3	1	2	2
72	3	Dornburg	DO_2005	11.656257	51.003652	921	Mollic_Leptosol	BB-RR	uuT	Silphie	E_Sp_old	8	2005	2	spring	2013	15.04.2013	4	26	21	0	35	25	4	0	3	2	0	1	0	7.913	4.323	0.000	6.118	2.089	0.753	0.000	20.423	0.124	0.000	0.297	0	7.25	19.54	10.95	6.1	63	30.9	1.64	3.02	69.08	3.87	1.17	3145	17.30	17.13	49.63	11.02	0.00	6042	50x50	0	3	1	2	2
73	4	Dornburg	DO_2007	11.657904	51.000938	2319	Mollic_Leptosol	BB-RR	uuT	Silphie	D_Sp_int2	6	2007	2	spring	2013	16.04.2013	1	2	0	0	3	2	0	0	6	0	0	1	0	2.533	0.000	0.000	1.018	0.464	0.000	0.000	23.549	0.000	0.000	1.372	0	7.26	16.95	9.16	7.2	63.2	29.6	2.07	3.49	70.01	4.19	1.17	3161	15.00	15.41	65.29	12.14	0.00	3368	50x50	0	3	1	2	2
74	4	Dornburg	DO_2007	11.657904	51.000938	2319	Mollic_Leptosol	BB-RR	uuT	Silphie	D_Sp_int2	6	2007	2	spring	2013	16.04.2013	2	6	0	0	2	0	0	0	4	0	0	0	0	4.945	0.000	0.000	0.597	0.000	0.000	0.000	2.012	0.000	0.000	0.000	0	7.26	16.95	9.16	7.2	63.2	29.6	2.07	3.49	70.01	4.19	1.17	3161	15.00	15.41	65.29	12.14	0.00	3368	50x50	0	3	1	2	2
75	4	Dornburg	DO_2007	11.657904	51.000938	2319	Mollic_Leptosol	BB-RR	uuT	Silphie	D_Sp_int2	6	2007	2	spring	2013	16.04.2013	3	5	0	0	0	1	0	0	6	0	0	0	1	3.430	0.000	0.000	0.000	0.034	0.000	0.000	18.085	0.000	0.000	0.000	0	7.26	16.95	9.16	7.2	63.2	29.6	2.07	3.49	70.01	4.19	1.17	3161	15.00	15.41	65.29	12.14	0.00	3368	50x50	0	3	1	2	2
76	4	Dornburg	DO_2007	11.657904	51.000938	2319	Mollic_Leptosol	BB-RR	uuT	Silphie	D_Sp_int2	6	2007	2	spring	2013	16.04.2013	4	6	0	0	0	0	0	0	5	0	0	2	2	3.578	0.000	0.000	0.000	0.000	0.000	0.000	20.540	0.000	0.000	0.955	0	7.26	16.95	9.16	7.2	63.2	29.6	2.07	3.49	70.01	4.19	1.17	3161	15.00	15.41	65.29	12.14	0.00	3368	50x50	0	3	1	2	2
77	5	Erfurt	EF_2007	11.005805	50.98336	172	Chernozem	TTn	uuT	Silphie	D_Sp_int2	6	2007	2	spring	2013	23.04.2013	1	3	0	0	0	2	0	0	3	0	0	0	0	4.518	0.000	0.000	0.000	0.876	0.000	0.000	16.332	0.000	0.000	0.000	0	7.46	15.27	12.36	12.7	60.2	27.1	6.41	6.04	72.04	6.14	0.57	3429	13.88	12.85	59.55	11.76	0.00	4577	90x50	0	3	1	2	2
78	5	Erfurt	EF_2007	11.005805	50.98336	172	Chernozem	TTn	uuT	Silphie	D_Sp_int2	6	2007	2	spring	2013	23.04.2013	2	6	0	0	0	0	0	0	10	0	0	0	1	4.837	0.000	0.000	0.000	0.000	0.000	0.000	22.062	0.000	0.000	0.000	0	7.46	15.27	12.36	12.7	60.2	27.1	6.41	6.04	72.04	6.14	0.57	3429	13.88	12.85	59.55	11.76	0.00	4577	90x50	0	3	1	2	2
79	5	Erfurt	EF_2007	11.005805	50.98336	172	Chernozem	TTn	uuT	Silphie	D_Sp_int2	6	2007	2	spring	2013	23.04.2013	3	5	0	0	0	0	0	0	14	0	0	0	1	5.075	0.000	0.000	0.000	0.000	0.000	0.000	34.418	0.000	0.000	0.000	0	7.46	15.27	12.36	12.7	60.2	27.1	6.41	6.04	72.04	6.14	0.57	3429	13.88	12.85	59.55	11.76	0.00	4577	90x50	0	3	1	2	2
80	5	Erfurt	EF_2007	11.005805	50.98336	172	Chernozem	TTn	uuT	Silphie	D_Sp_int2	6	2007	2	spring	2013	23.04.2013	4	8	0	0	0	1	0	0	9	0	0	0	1	4.142	0.000	0.000	0.000	0.125	0.000	0.000	23.657	0.000	0.000	0.000	0	7.46	15.27	12.36	12.7	60.2	27.1	6.41	6.04	72.04	6.14	0.57	3429	13.88	12.85	59.55	11.76	0.00	4577	90x50	0	3	1	2	2
81	6	Pahren	PA_2007	11.89876	50.653093	6676	stagnic_Luvisol	SSn	ttU	Silphie	D_Sp_int2	6	2007	2	spring	2013	17.04.2013	1	12	0	0	0	2	0	0	0	0	0	0	2	14.897	0.000	0.000	0.000	0.190	0.000	0.000	0.000	0.000	0.000	0.000	1.997	6.14	16.39	8.59	28.9	51.1	20	1.49	1.95	76.77	2.10	0.57	3451	14.95	15.03	63.46	9.49	0.00	5374	50x50	0	4	3	4	2
82	6	Pahren	PA_2007	11.89876	50.653093	6676	stagnic_Luvisol	SSn	ttU	Silphie	D_Sp_int2	6	2007	2	spring	2013	17.04.2013	2	11	0	0	1	3	4	0	1	0	0	0	1	9.965	0.000	0.000	0.164	0.738	1.435	0.000	1.538	0.000	0.000	0.000	0.7809	6.14	16.39	8.59	28.9	51.1	20	1.49	1.95	76.77	2.10	0.57	3451	14.95	15.03	63.46	9.49	0.00	5374	50x50	0	4	3	4	2
83	6	Pahren	PA_2007	11.89876	50.653093	6676	stagnic_Luvisol	SSn	ttU	Silphie	D_Sp_int2	6	2007	2	spring	2013	17.04.2013	3	12	0	0	1	3	3	0	0	0	0	0	0	11.921	0.000	0.000	0.131	1.546	1.148	0.000	0.000	0.000	0.000	0.000	0	6.14	16.39	8.59	28.9	51.1	20	1.49	1.95	76.77	2.10	0.57	3451	14.95	15.03	63.46	9.49	0.00	5374	50x50	0	4	3	4	2
84	6	Pahren	PA_2007	11.89876	50.653093	6676	stagnic_Luvisol	SSn	ttU	Silphie	D_Sp_int2	6	2007	2	spring	2013	17.04.2013	4	12	0	0	2	4	2	0	0	0	0	0	0	14.047	0.000	0.000	0.386	0.805	0.880	0.000	0.000	0.000	0.000	0.000	0	6.14	16.39	8.59	28.9	51.1	20	1.49	1.95	76.77	2.10	0.57	3451	14.95	15.03	63.46	9.49	0.00	5374	50x50	0	4	3	4	2
85	7	Dornburg	DO_2009	11.657303	51.000746	1609	Mollic_Leptosol	BB-RR	uuT	Silphie	C_Sp_int1	4	2009	2	spring	2013	16.04.2013	1	1	0	0	1	1	0	0	1	0	0	0	0	0.857	0.000	0.000	0.404	0.262	0.000	0.000	10.826	0.000	0.000	0.000	0	7.08	17.62	8.52	10.1	62.4	27.5	2.07	3.49	70.01	4.19	1.17	3161	15.00	15.41	65.29	12.14	0.00	3368	50x50	0	4	1	3	2
86	7	Dornburg	DO_2009	11.657303	51.000746	1609	Mollic_Leptosol	BB-RR	uuT	Silphie	C_Sp_int1	4	2009	2	spring	2013	16.04.2013	2	1	0	0	6	1	0	0	8	0	0	0	0	1.075	0.000	0.000	2.014	0.037	0.000	0.000	13.530	0.000	0.000	0.000	0	7.08	17.62	8.52	10.1	62.4	27.5	2.07	3.49	70.01	4.19	1.17	3161	15.00	15.41	65.29	12.14	0.00	3368	50x50	0	4	1	3	2
87	7	Dornburg	DO_2009	11.657303	51.000746	1609	Mollic_Leptosol	BB-RR	uuT	Silphie	C_Sp_int1	4	2009	2	spring	2013	16.04.2013	3	5	0	0	0	0	0	0	1	0	0	0	0	3.288	0.000	0.000	0.000	0.000	0.000	0.000	8.033	0.000	0.000	0.000	0	7.08	17.62	8.52	10.1	62.4	27.5	2.07	3.49	70.01	4.19	1.17	3161	15.00	15.41	65.29	12.14	0.00	3368	50x50	0	4	1	3	2
88	7	Dornburg	DO_2009	11.657303	51.000746	1609	Mollic_Leptosol	BB-RR	uuT	Silphie	C_Sp_int1	4	2009	2	spring	2013	16.04.2013	4	7	0	0	0	0	0	0	0	0	0	0	0	5.131	0.000	0.000	0.000	0.000	0.000	0.000	0.000	0.000	0.000	0.000	0	7.08	17.62	8.52	10.1	62.4	27.5	2.07	3.49	70.01	4.19	1.17	3161	15.00	15.41	65.29	12.14	0.00	3368	50x50	0	4	1	3	2
89	7	Erfurt	DO_2009	11.004722	50.981567	2818	Chernozem	TTn	uuT	Silphie	C_Sp_int1	4	2009	2	spring	2013	23.04.2013	1	0	0	0	0	0	0	0	0	0	0	0	0	0.000	0.000	0.000	0.000	0.000	0.000	0.000	0.000	0.000	0.000	0.000	0	7.51	16.62	13.15	10.2	62.1	27.7	6.41	6.04	72.04	6.14	0.57	3429	13.88	12.85	59.55	11.76	0.00	4577	90x50	0	3	1	3	2
90	8	Erfurt	EF_2009	11.004722	50.981567	2818	Chernozem	TTn	uuT	Silphie	C_Sp_int1	4	2009	2	spring	2013	23.04.2013	2	0	0	0	1	0	0	0	4	0	0	0	0	0.000	0.000	0.000	0.000	0.000	0.000	0.000	0.508	0.000	0.000	0.000	0	7.51	16.62	13.15	10.2	62.1	27.7	6.41	6.04	72.04	6.14	0.57	3429	13.88	12.85	59.55	11.76	0.00	4577	90x50	0	3	1	3	2
91	8	Erfurt	EF_2009	11.004722	50.981567	2818	Chernozem	TTn	uuT	Silphie	C_Sp_int1	4	2009	2	spring	2013	23.04.2013	3	0	0	0	0	0	0	0	1	0	0	0	0	0.000	0.000	0.000	0.000	0.000	0.000	0.000	0.116	0.000	0.000	0.000	0	7.51	16.62	13.15	10.2	62.1	27.7	6.41	6.04	72.04	6.14	0.57	3429	13.88	12.85	59.55	11.76	0.00	4577	90x50	0	3	1	3	2
92	8	Erfurt	EF_2009	11.004722	50.981567	2818	Chernozem	TTn	uuT	Silphie	C_Sp_int1	4	2009	2	spring	2013	23.04.2013	4	5	0	0	0	1	0	0	2	0	0	0	0	6.096	0.000	0.000	0.000	0.053	0.000	0.000	8.698	0.000	0.000	0.000	0	7.51	16.62	13.15	10.2	62.1	27.7	6.41	6.04	72.04	6.14	0.57	3429	13.88	12.85	59.55	11.76	0.00	4577	90x50	0	3	1	3	2
93	9	Poppenburg	PO_2009	9.780602	52.145969	120	Haplic_Luvisol	LLn	tU	Silphie	C_Sp_int1	4	2009	2	spring	2013	10.04.2013	1	2	1	1	8	2	0	0	16	0	0	0	0	1.099	0.616	0.713	0.995	0.204	0.000	0.000	13.187	0.000	0.000	0.000	0	6.48	17.54	9.02	16.9	68.6	14.5	-0.84	8.84	75.66	7.83	2.15	3442	1.56	1.40	79.91	2.74	0.00	2202	50x50	0	3	2	2	2
94	9	Poppenburg	PO_2009	9.780602	52.145969	120	Haplic_Luvisol	LLn	tU	Silphie	C_Sp_int1	4	2009	2	spring	2013	10.04.2013	2	2	0	6	2	8	0	0	15	0	0	0	3	0.590	0.000	4.413	0.173	0.984	0.000	0.000	27.396	0.000	0.000	0.000	0	6.48	17.54	9.02	16.9	68.6	14.5	-0.84	8.84	75.66	7.83	2.15	3442	1.56	1.40	79.91	2.74	0.00	2202	50x50	0	3	2	2	2
95	9	Poppenburg	PO_2009	9.780602	52.145969	120	Haplic_Luvisol	LLn	tU	Silphie	C_Sp_int1	4	2009	2	spring	2013	10.04.2013	3	3	0	5	0	2	0	0	10	0	0	0	1	2.088	0.000	4.658	0.000	0.145	0.000	0.000	11.354	0.000	0.000	0.000	0	6.48	17.54	9.02	16.9	68.6	14.5	-0.84	8.84	75.66	7.83	2.15	3442	1.56	1.40	79.91	2.74	0.00	2202	50x50	0	3	2	2	2
96	9	Poppenburg	PO_2009	9.780602	52.145969	120	Haplic_Luvisol	LLn	tU	Silphie	C_Sp_int1	4	2009	2	spring	2013	10.04.2013	4	3	1	5	1	1	0	0	5	0	0	0	3	1.494	0.283	4.554	0.398	0.236	0.000	0.000	8.177	0.000	0.000	0.000	0	6.48	17.54	9.02	16.9	68.6	14.5	-0.84	8.84	75.66	7.83	2.15	3442	1.56	1.40	79.91	2.74	0.00	2202	50x50	0	3	2	2	2
97	10	Erfurt	EF_2011	10.999336	50.980493	9247	Chernozem	TTn	uuT	Silphie	B_Sp_young	2	2011	2	spring	2013	23.04.2013	1	2	0	0	6	2	0	0	1	0	0	0	2	1.766	0.000	0.000	1.354	0.245	0.000	0.000	2.973	0.000	0.000	0.000	0	7.52	16.07	18.34	12.7	58	29.3	6.41	6.04	72.04	6.14	0.57	3429	13.88	12.85	59.55	11.76	0.00	4577	90x50	0	3	1	3	2
98	10	Erfurt	EF_2011	10.999336	50.980493	9247	Chernozem	TTn	uuT	Silphie	B_Sp_young	2	2011	2	spring	2013	23.04.2013	2	0	0	0	8	2	0	0	0	0	0	0	0	0.000	0.000	0.000	1.939	0.092	0.000	0.000	0.000	0.000	0.000	0.000	0	7.52	16.07	18.34	12.7	58	29.3	6.41	6.04	72.04	6.14	0.57	3429	13.88	12.85	59.55	11.76	0.00	4577	90x50	0	3	1	3	2
99	10	Erfurt	EF_2011	10.999336	50.980493	9247	Chernozem	TTn	uuT	Silphie	B_Sp_young	2	2011	2	spring	2013	23.04.2013	3	0	0	0	5	4	0	0	3	0	0	0	0	0.000	0.000	0.000	0.779	0.164	0.000	0.000	7.836	0.000	0.000	0.000	0	7.52	16.07	18.34	12.7	58	29.3	6.41	6.04	72.04	6.14	0.57	3429	13.88	12.85	59.55	11.76	0.00	4577	90x50	0	3	1	3	2
100	10	Erfurt	EF_2011	10.999336	50.980493	9247	Chernozem	TTn	uuT	Silphie	B_Sp_young	2	2011	2	spring	2013	23.04.2013	4	0	0	0	1	1	0	0	2	0	0	0	0	0.000	0.000	0.000	0.091	0.047	0.000	0.000	5.020	0.000	0.000	0.000	0	7.52	16.07	18.34	12.7	58	29.3	6.41	6.04	72.04	6.14	0.57	3429	13.88	12.85	59.55	11.76	0.00	4577	90x50	0	3	1	3	2
101	11	Niederdorla	ND_2011	10.399994	51.136251	9278	Stagnic_Luvisol	SS-LL	tU	Silphie	B_Sp_young	2	2011	2	spring	2013	22.04.2013	1	2	0	0	0	1	0	0	6	0	0	0	0	1.530	0.000	0.000	0.000	0.056	0.000	0.000	3.016	0.000	0.000	0.000	0	7.08	17.85	8.82	10.1	69.6	20.3	4.74	5.04	76.80	4.71	0.90	3622	10.27	10.04	72.48	10.03	0.00	2239	50x50	0	2	2	3	3
102	11	Niederdorla	ND_2011	10.399994	51.136251	9278	Stagnic_Luvisol	SS-LL	tU	Silphie	B_Sp_young	2	2011	2	spring	2013	22.04.2013	2	2	0	0	1	1	0	0	8	0	0	0	0	0.564	0.000	0.000	0.222	0.017	0.000	0.000	24.597	0.000	0.000	0.000	0	7.08	17.85	8.82	10.1	69.6	20.3	4.74	5.04	76.80	4.71	0.90	3622	10.27	10.04	72.48	10.03	0.00	2239	50x50	0	2	2	3	3
103	11	Niederdorla	ND_2011	10.399994	51.136251	9278	Stagnic_Luvisol	SS-LL	tU	Silphie	B_Sp_young	2	2011	2	spring	2013	22.04.2013	3	1	0	0	2	0	0	0	2	0	0	0	0	0.572	0.000	0.000	0.265	0.000	0.000	0.000	5.147	0.000	0.000	0.000	0	7.08	17.85	8.82	10.1	69.6	20.3	4.74	5.04	76.80	4.71	0.90	3622	10.27	10.04	72.48	10.03	0.00	2239	50x50	0	2	2	3	3
104	11	Niederdorla	ND_2011	10.399994	51.136251	9278	Stagnic_Luvisol	SS-LL	tU	Silphie	B_Sp_young	2	2011	2	spring	2013	22.04.2013	4	1	0	0	0	1	0	0	7	0	0	0	0	0.732	0.000	0.000	0.000	0.099	0.000	0.000	10.760	0.000	0.000	0.000	0	7.08	17.85	8.82	10.1	69.6	20.3	4.74	5.04	76.80	4.71	0.90	3622	10.27	10.04	72.48	10.03	0.00	2239	50x50	0	2	2	3	3
105	12	Ronneberg	RO_2011	9.609485	52.295013	1197	Haplic_Luvisol	LLn	ttU	Silphie	B_Sp_young	2	2011	2	spring	2013	10.04.2013	1	0	0	0	0	0	0	0	2	0	0	0	0	0.000	0.000	0.000	0.000	0.000	0.000	0.000	9.492	0.000	0.000	0.000	0	5.66	21.25	9.86	10.4	75.1	14.5	0.08	0.13	76.85	1.60	0.41	3037	7.43	7.23	90.15	5.24	0.80	1739	60x60	0	4	4	4	3
106	12	Ronneberg	RO_2011	9.609485	52.295013	1197	Haplic_Luvisol	LLn	ttU	Silphie	B_Sp_young	2	2011	2	spring	2013	10.04.2013	2	1	0	1	0	0	0	0	5	0	0	0	0	0.877	0.000	4.024	0.000	0.000	0.000	0.000	8.419	0.000	0.000	0.000	0	5.66	21.25	9.86	10.4	75.1	14.5	0.08	0.13	76.85	1.60	0.41	3037	7.43	7.23	90.15	5.24	0.80	1739	60x60	0	4	4	4	3
107	12	Ronneberg	RO_2011	9.609485	52.295013	1197	Haplic_Luvisol	LLn	ttU	Silphie	B_Sp_young	2	2011	2	spring	2013	10.04.2013	3	0	0	0	0	0	0	0	1	0	0	0	0	0.000	0.000	0.000	0.000	0.000	0.000	0.000	0.000	0.000	0.000	0.000	0	5.66	21.25	9.86	10.4	75.1	14.5	0.08	0.13	76.85	1.60	0.41	3037	7.43	7.23	90.15	5.24	0.80	1739	60x60	0	4	4	4	3
108	12	Ronneberg	RO_2011	9.609485	52.295013	1197	Haplic_Luvisol	LLn	ttU	Silphie	B_Sp_young	2	2011	2	spring	2013	10.04.2013	4	1	0	0	0	0	0	0	0	0	0	0	0	0.272	0.000	0.000	0.000	0.000	0.000	0.000	0.000	0.000	0.000	0.000	0	5.66	21.25	9.86	10.4	75.1	14.5	0.08	0.13	76.85	1.60	0.41	3037	7.43	7.23	90.15	5.24	0.80	1739	60x60	0	4	4	4	3
109	16	Dornburg	DO_MaisII	11.658923	51.002741	1792	Mollic_Leptosol	BB-RR	uT	Maize	A_Cm	0	2013	2	spring	2013	15.04.2013	1	0	2	0	3	7	0	0	0	0	0	0	0	0.000	0.491	0.000	0.625	1.561	0.000	0.000	0.000	0.000	0.000	0.000	0	7.43	18.14	8.91	5.1	61.1	33.8	1.64	3.02	69.08	3.87	1.17	3145	17.30	17.13	49.63	11.02	0.00	6042	75x20	1	3	3	6	3
110	16	Dornburg	DO_MaisII	11.658923	51.002741	1792	Mollic_Leptosol	BB-RR	uT	Maize	A_Cm	0	2013	2	spring	2013	15.04.2013	2	4	2	0	1	7	0	0	1	0	0	0	0	1.629	0.575	0.000	0.424	0.535	0.000	0.000	4.904	0.000	0.000	0.000	0	7.43	18.14	8.91	5.1	61.1	33.8	1.64	3.02	69.08	3.87	1.17	3145	17.30	17.13	49.63	11.02	0.00	6042	75x20	1	3	3	6	3
111	16	Dornburg	DO_MaisII	11.658923	51.002741	1792	Mollic_Leptosol	BB-RR	uT	Maize	A_Cm	0	2013	2	spring	2013	15.04.2013	3	1	4	0	6	5	0	0	0	0	0	0	0	0.341	1.225	0.000	1.372	0.847	0.000	0.000	0.000	0.000	0.000	0.000	0	7.43	18.14	8.91	5.1	61.1	33.8	1.64	3.02	69.08	3.87	1.17	3145	17.30	17.13	49.63	11.02	0.00	6042	75x20	1	3	3	6	3
112	16	Dornburg	DO_MaisII	11.658923	51.002741	1792	Mollic_Leptosol	BB-RR	uT	Maize	A_Cm	0	2013	2	spring	2013	15.04.2013	4	1	2	0	7	10	0	0	1	0	0	0	3	1.048	0.240	0.000	1.829	1.702	0.000	0.000	2.721	0.000	0.000	0.000	0	7.43	18.14	8.91	5.1	61.1	33.8	1.64	3.02	69.08	3.87	1.17	3145	17.30	17.13	49.63	11.02	0.00	6042	75x20	1	3	3	6	3
113	17	Pahren	PA_Mais	11.910338	50.644899	52601	stagnic_Luvisol	SSn	sL	Maize	A_Cm	0	2013	2	spring	2013	17.04.2013	1	0	0	0	0	0	0	0	0	0	0	0	0	0.000	0.000	0.000	0.000	0.000	0.000	0.000	0.000	0.000	0.000	0.000	0	5.90	21.36	9.70	28.9	49.6	21.5	1.49	1.95	76.77	2.10	0.57	3451	14.95	15.03	63.46	9.49	0.00	5374	75x24	1	4	3	6	3
114	17	Pahren	PA_Mais	11.910338	50.644899	52601	stagnic_Luvisol	SSn	sL	Maize	A_Cm	0	2013	2	spring	2013	17.04.2013	2	0	0	0	0	0	0	0	0	0	0	0	0	0.000	0.000	0.000	0.000	0.000	0.000	0.000	0.000	0.000	0.000	0.000	0	5.90	21.36	9.70	28.9	49.6	21.5	1.49	1.95	76.77	2.10	0.57	3451	14.95	15.03	63.46	9.49	0.00	5374	75x24	1	4	3	6	3
115	17	Pahren	PA_Mais	11.910338	50.644899	52601	stagnic_Luvisol	SSn	sL	Maize	A_Cm	0	2013	2	spring	2013	17.04.2013	3	0	0	0	0	0	0	0	0	0	0	0	0	0.000	0.000	0.000	0.000	0.000	0.000	0.000	0.000	0.000	0.000	0.000	0	5.90	21.36	9.70	28.9	49.6	21.5	1.49	1.95	76.77	2.10	0.57	3451	14.95	15.03	63.46	9.49	0.00	5374	75x24	1	4	3	6	3
116	17	Pahren	PA_Mais	11.910338	50.644899	52601	stagnic_Luvisol	SSn	sL	Maize	A_Cm	0	2013	2	spring	2013	17.04.2013	4	0	0	0	0	0	0	0	0	0	0	0	0	0.000	0.000	0.000	0.000	0.000	0.000	0.000	0.000	0.000	0.000	0.000	0	5.90	21.36	9.70	28.9	49.6	21.5	1.49	1.95	76.77	2.10	0.57	3451	14.95	15.03	63.46	9.49	0.00	5374	75x24	1	4	3	6	3
117	18	Ronneberg	RO_MaisII	9.602275	52.294314	14858	Haplic_Luvisol	LLn	ttU	Maize	A_Cm	0	2013	2	spring	2013	10.04.2013	1	0	1	0	0	0	0	0	0	0	0	0	0	0.000	0.400	0.000	0.000	0.000	0.000	0.000	0.000	0.000	0.000	0.000	0	7.19	19.44	10.45	9.4	72.1	18.5	0.08	0.13	76.85	1.60	0.41	3037	7.43	7.23	90.15	5.24	0.80	1739	75x20	1	4	3	6	3
118	18	Ronneberg	RO_MaisII	9.602275	52.294314	14858	Haplic_Luvisol	LLn	ttU	Maize	A_Cm	0	2013	2	spring	2013	10.04.2013	2	0	0	0	0	1	0	0	1	0	0	0	0	0.000	0.000	0.000	0.000	0.111	0.000	0.000	0.957	0.000	0.000	0.000	0	7.19	19.44	10.45	9.4	72.1	18.5	0.08	0.13	76.85	1.60	0.41	3037	7.43	7.23	90.15	5.24	0.80	1739	75x20	1	4	3	6	3
119	18	Ronneberg	RO_MaisII	9.602275	52.294314	14858	Haplic_Luvisol	LLn	ttU	Maize	A_Cm	0	2013	2	spring	2013	10.04.2013	3	0	4	0	0	0	0	0	1	0	0	0	0	0.000	1.123	0.000	0.000	0.000	0.000	0.000	0.202	0.000	0.000	0.000	0	7.19	19.44	10.45	9.4	72.1	18.5	0.08	0.13	76.85	1.60	0.41	3037	7.43	7.23	90.15	5.24	0.80	1739	75x20	1	4	3	6	3
120	18	Ronneberg	RO_MaisII	9.602275	52.294314	14858	Haplic_Luvisol	LLn	ttU	Maize	A_Cm	0	2013	2	spring	2013	10.04.2013	4	0	0	0	0	0	0	0	0	0	0	0	0	0.000	0.000	0.000	0.000	0.000	0.000	0.000	0.000	0.000	0.000	0.000	0	7.19	19.44	10.45	9.4	72.1	18.5	0.08	0.13	76.85	1.60	0.41	3037	7.43	7.23	90.15	5.24	0.80	1739	75x20	1	4	3	6	3
121	1	Dornburg	DO_2004	11.658097	51.003187	219	Mollic_Leptosol	BB-RR	uuT	Silphie	E_Sp_old	9	2004	3	autumn	2013	08.10.2013	1	0	0	0	1	1	0	0	8	0	2	0	0	0.000	0.000	0.000	0.321	0.052	0.000	0.000	37.837	0.000	2.699	0.000	0	5.71	18.34	8.33	10.8	55.2	34	10.91	13.39	73.71	15.11	1.72	2392	12.58	13.78	71.00	13.97	0.00	1849	50x50	0	3	1	1	1
122	1	Dornburg	DO_2004	11.658097	51.003187	219	Mollic_Leptosol	BB-RR	uuT	Silphie	E_Sp_old	9	2004	3	autumn	2013	08.10.2013	2	1	0	0	0	2	0	0	6	0	0	0	0	0.000	0.000	0.000	0.000	0.228	0.000	0.000	15.362	0.000	0.000	0.000	0	5.71	18.34	8.33	10.8	55.2	34	10.91	13.39	73.71	15.11	1.72	2392	12.58	13.78	71.00	13.97	0.00	1849	50x50	0	3	1	1	1
123	1	Dornburg	DO_2004	11.658097	51.003187	219	Mollic_Leptosol	BB-RR	uuT	Silphie	E_Sp_old	9	2004	3	autumn	2013	08.10.2013	3	2	0	0	0	4	0	0	5	0	0	0	0	1.475	0.000	0.000	0.000	0.384	0.000	0.000	19.085	0.000	0.000	0.000	0	5.71	18.34	8.33	10.8	55.2	34	10.91	13.39	73.71	15.11	1.72	2392	12.58	13.78	71.00	13.97	0.00	1849	50x50	0	3	1	1	1
124	1	Dornburg	DO_2004	11.658097	51.003187	219	Mollic_Leptosol	BB-RR	uuT	Silphie	E_Sp_old	9	2004	3	autumn	2013	08.10.2013	4	2	0	0	0	1	0	0	4	0	2	0	1	2.504	0.000	0.000	0.000	0.449	0.000	0.000	13.665	0.000	5.332	0.000	0	5.71	18.34	8.33	10.8	55.2	34	10.91	13.39	73.71	15.11	1.72	2392	12.58	13.78	71.00	13.97	0.00	1849	50x50	0	3	1	1	1
125	2	Hessberg	HE_2004	10.78191	50.414685	285	Terra_Fusca	CFn	uT	Silphie	E_Sp_old	9	2004	3	autumn	2013	16.10.2013	1	5	0	0	1	3	0	0	4	0	0	0	5	2.363	0.000	0.000	0.233	0.129	0.000	0.000	18.054	0.000	0.000	0.000	0	5.11	32.00	8.98	12.3	50.4	37.3	8.98	10.15	80.53	11.61	2.40	2235	7.19	8.28	90.38	9.47	0.10	679	50x50	0	3	2	2	2
126	2	Hessberg	HE_2004	10.78191	50.414685	285	Terra_Fusca	CFn	uT	Silphie	E_Sp_old	9	2004	3	autumn	2013	16.10.2013	2	2	0	0	6	5	0	0	14	0	0	0	0	2.472	0.000	0.000	1.555	0.291	0.000	0.000	45.833	0.000	0.000	0.000	0	5.11	32.00	8.98	12.3	50.4	37.3	8.98	10.15	80.53	11.61	2.40	2235	7.19	8.28	90.38	9.47	0.10	679	50x50	0	3	2	2	2
127	2	Hessberg	HE_2004	10.78191	50.414685	285	Terra_Fusca	CFn	uT	Silphie	E_Sp_old	9	2004	3	autumn	2013	16.10.2013	3	0	0	0	1	1	0	0	14	1	0	0	0	0.000	0.000	0.000	0.150	0.108	0.000	0.000	35.151	0.000	0.000	0.000	0	5.11	32.00	8.98	12.3	50.4	37.3	8.98	10.15	80.53	11.61	2.40	2235	7.19	8.28	90.38	9.47	0.10	679	50x50	0	3	2	2	2
128	2	Hessberg	HE_2004	10.78191	50.414685	285	Terra_Fusca	CFn	uT	Silphie	E_Sp_old	9	2004	3	autumn	2013	16.10.2013	4	2	0	0	4	4	0	0	9	0	0	0	1	1.064	0.000	0.000	1.174	0.420	0.000	0.000	33.299	0.000	0.000	0.000	0	5.11	32.00	8.98	12.3	50.4	37.3	8.98	10.15	80.53	11.61	2.40	2235	7.19	8.28	90.38	9.47	0.10	679	50x50	0	3	2	2	2
129	3	Dornburg	DO_2005	11.656257	51.003652	921	Mollic_Leptosol	BB-RR	uuT	Silphie	E_Sp_old	8	2005	3	autumn	2013	08.10.2013	1	6	2	0	1	13	0	0	3	0	0	0	0	2.924	0.560	0.000	0.268	1.768	0.000	0.000	2.140	0.000	0.000	0.000	0	7.00	20.99	10.95	6.1	63	30.9	10.91	13.39	73.71	15.11	1.72	2392	12.58	13.78	71.00	13.97	0.00	1849	50x50	0	3	1	2	2
130	3	Dornburg	DO_2005	11.656257	51.003652	921	Mollic_Leptosol	BB-RR	uuT	Silphie	E_Sp_old	8	2005	3	autumn	2013	08.10.2013	2	9	10	0	9	40	2	0	6	0	0	0	6	5.716	4.265	0.000	2.676	5.031	0.303	0.000	7.825	0.000	0.000	0.000	0	7.00	20.99	10.95	6.1	63	30.9	10.91	13.39	73.71	15.11	1.72	2392	12.58	13.78	71.00	13.97	0.00	1849	50x50	0	3	1	2	2
131	3	Dornburg	DO_2005	11.656257	51.003652	921	Mollic_Leptosol	BB-RR	uuT	Silphie	E_Sp_old	8	2005	3	autumn	2013	08.10.2013	3	6	6	0	16	37	0	0	7	0	0	0	1	3.626	2.343	0.000	3.538	5.624	0.000	0.000	5.671	0.000	0.000	0.000	0	7.00	20.99	10.95	6.1	63	30.9	10.91	13.39	73.71	15.11	1.72	2392	12.58	13.78	71.00	13.97	0.00	1849	50x50	0	3	1	2	2
132	3	Dornburg	DO_2005	11.656257	51.003652	921	Mollic_Leptosol	BB-RR	uuT	Silphie	E_Sp_old	8	2005	3	autumn	2013	08.10.2013	4	15	20	0	12	53	1	0	0	1	0	0	5	6.195	6.080	0.000	2.857	5.186	0.124	0.000	0.000	0.760	0.000	0.000	0	7.00	20.99	10.95	6.1	63	30.9	10.91	13.39	73.71	15.11	1.72	2392	12.58	13.78	71.00	13.97	0.00	1849	50x50	0	3	1	2	2
133	4	Dornburg	DO_2007	11.657904	51.000938	2319	Mollic_Leptosol	BB-RR	uuT	Silphie	D_Sp_int2	6	2007	3	autumn	2013	09.10.2013	1	2	0	0	2	0	0	0	3	1	0	0	0	1.828	0.000	0.000	0.705	0.000	0.000	0.000	3.595	0.488	0.000	0.000	0	7.20	17.91	9.16	7.2	63.2	29.6	10.98	13.31	73.38	14.97	0.72	2392	12.93	13.70	70.58	14.13	0.80	2096	50x50	0	3	1	2	2
134	4	Dornburg	DO_2007	11.657904	51.000938	2319	Mollic_Leptosol	BB-RR	uuT	Silphie	D_Sp_int2	6	2007	3	autumn	2013	09.10.2013	2	1	0	0	3	7	0	0	6	5	0	2	0	1.034	0.000	0.000	0.907	0.679	0.000	0.000	31.588	1.594	0.000	1.630	0	7.20	17.91	9.16	7.2	63.2	29.6	10.98	13.31	73.38	14.97	0.72	2392	12.93	13.70	70.58	14.13	0.80	2096	50x50	0	3	1	2	2
135	4	Dornburg	DO_2007	11.657904	51.000938	2319	Mollic_Leptosol	BB-RR	uuT	Silphie	D_Sp_int2	6	2007	3	autumn	2013	09.10.2013	3	3	0	0	3	4	0	0	3	0	0	0	0	1.541	0.000	0.000	0.793	0.448	0.000	0.000	8.933	0.000	0.000	0.000	0	7.20	17.91	9.16	7.2	63.2	29.6	10.98	13.31	73.38	14.97	0.72	2392	12.93	13.70	70.58	14.13	0.80	2096	50x50	0	3	1	2	2
136	4	Dornburg	DO_2007	11.657904	51.000938	2319	Mollic_Leptosol	BB-RR	uuT	Silphie	D_Sp_int2	6	2007	3	autumn	2013	09.10.2013	4	1	0	0	3	5	0	0	9	0	0	0	0	0.401	0.000	0.000	0.875	0.547	0.000	0.000	15.120	0.000	0.000	0.000	0	7.20	17.91	9.16	7.2	63.2	29.6	10.98	13.31	73.38	14.97	0.72	2392	12.93	13.70	70.58	14.13	0.80	2096	50x50	0	3	1	2	2
137	5	Erfurt	EF_2007	11.005805	50.98336	172	Chernozem	TTn	uuT	Silphie	D_Sp_int2	6	2007	3	autumn	2013	15.10.2013	1	2	0	0	0	14	0	0	7	7	0	0	3	1.108	0.000	0.000	0.000	2.134	0.000	0.000	9.334	1.589	0.000	0.000	0	6.73	21.81	12.36	12.7	60.2	27.1	10.46	9.66	83.28	12.06	1.12	2132	10.98	9.76	85.33	9.68	6.40	1289	90x50	0	3	1	2	2
138	5	Erfurt	EF_2007	11.005805	50.98336	172	Chernozem	TTn	uuT	Silphie	D_Sp_int2	6	2007	3	autumn	2013	15.10.2013	2	3	0	0	0	7	0	0	10	4	0	0	0	1.865	0.000	0.000	0.000	1.463	0.000	0.000	10.325	0.913	0.000	0.000	0	6.73	21.81	12.36	12.7	60.2	27.1	10.46	9.66	83.28	12.06	1.12	2132	10.98	9.76	85.33	9.68	6.40	1289	90x50	0	3	1	2	2
139	5	Erfurt	EF_2007	11.005805	50.98336	172	Chernozem	TTn	uuT	Silphie	D_Sp_int2	6	2007	3	autumn	2013	15.10.2013	3	6	0	0	0	5	0	0	6	0	2	0	3	4.174	0.000	0.000	0.000	0.726	0.000	0.000	21.099	0.000	1.947	0.000	0	6.73	21.81	12.36	12.7	60.2	27.1	10.46	9.66	83.28	12.06	1.12	2132	10.98	9.76	85.33	9.68	6.40	1289	90x50	0	3	1	2	2
140	5	Erfurt	EF_2007	11.005805	50.98336	172	Chernozem	TTn	uuT	Silphie	D_Sp_int2	6	2007	3	autumn	2013	15.10.2013	4	1	0	0	0	4	0	0	9	2	1	0	1	0.642	0.000	0.000	0.000	0.649	0.000	0.000	32.727	0.161	0.774	0.000	0	6.73	21.81	12.36	12.7	60.2	27.1	10.46	9.66	83.28	12.06	1.12	2132	10.98	9.76	85.33	9.68	6.40	1289	90x50	0	3	1	2	2
141	6	Pahren	PA_2007	11.89876	50.653093	6676	stagnic_Luvisol	SSn	ttU	Silphie	D_Sp_int2	6	2007	3	autumn	2013	07.10.2013	1	18	0	0	0	10	1	0	2	1	0	0	9	12.275	0.000	0.000	0.000	0.454	0.031	0.000	2.492	0.203	0.000	0.000	0	5.87	13.65	8.59	28.9	51.1	20	10.34	11.59	78.70	12.51	2.49	2644	11.63	12.10	88.58	11.13	0.00	1075	50x50	0	4	3	4	2
142	6	Pahren	PA_2007	11.89876	50.653093	6676	stagnic_Luvisol	SSn	ttU	Silphie	D_Sp_int2	6	2007	3	autumn	2013	07.10.2013	2	22	0	0	2	2	0	0	6	0	0	0	2	24.354	0.000	0.000	0.420	0.083	0.000	0.000	6.765	0.000	0.000	0.000	0	5.87	13.65	8.59	28.9	51.1	20	10.34	11.59	78.70	12.51	2.49	2644	11.63	12.10	88.58	11.13	0.00	1075	50x50	0	4	3	4	2
143	6	Pahren	PA_2007	11.89876	50.653093	6676	stagnic_Luvisol	SSn	ttU	Silphie	D_Sp_int2	6	2007	3	autumn	2013	07.10.2013	3	17	0	0	0	1	1	0	2	0	0	0	2	9.897	0.000	0.000	0.000	0.065	0.000	0.000	1.509	0.000	0.000	0.000	0	5.87	13.65	8.59	28.9	51.1	20	10.34	11.59	78.70	12.51	2.49	2644	11.63	12.10	88.58	11.13	0.00	1075	50x50	0	4	3	4	2
144	6	Pahren	PA_2007	11.89876	50.653093	6676	stagnic_Luvisol	SSn	ttU	Silphie	D_Sp_int2	6	2007	3	autumn	2013	07.10.2013	4	20	0	0	2	14	0	0	1	2	0	0	1	17.128	0.000	0.000	0.295	0.439	0.000	0.000	1.147	0.104	0.000	0.000	0	5.87	13.65	8.59	28.9	51.1	20	10.34	11.59	78.70	12.51	2.49	2644	11.63	12.10	88.58	11.13	0.00	1075	50x50	0	4	3	4	2
145	7	Dornburg	DO_2009	11.657303	51.000746	1609	Mollic_Leptosol	BB-RR	uuT	Silphie	C_Sp_int1	4	2009	3	autumn	2013	09.10.2013	1	1	0	0	1	3	0	0	0	0	0	0	0	0.717	0.000	0.000	0.146	0.668	0.000	0.000	0.000	0.000	0.000	0.000	0	6.55	13.43	8.52	10.1	62.4	27.5	10.98	13.31	73.38	14.97	0.72	2392	12.93	13.70	70.58	14.13	0.80	2096	50x50	0	4	1	3	2
146	7	Dornburg	DO_2009	11.657303	51.000746	1609	Mollic_Leptosol	BB-RR	uuT	Silphie	C_Sp_int1	4	2009	3	autumn	2013	09.10.2013	2	7	0	0	0	0	0	0	1	0	0	0	2	5.661	0.000	0.000	0.000	0.000	0.000	0.000	7.385	0.000	0.000	0.000	0	6.55	13.43	8.52	10.1	62.4	27.5	10.98	13.31	73.38	14.97	0.72	2392	12.93	13.70	70.58	14.13	0.80	2096	50x50	0	4	1	3	2
147	7	Dornburg	DO_2009	11.657303	51.000746	1609	Mollic_Leptosol	BB-RR	uuT	Silphie	C_Sp_int1	4	2009	3	autumn	2013	09.10.2013	3	0	0	0	0	0	0	0	5	0	0	0	0	0.000	0.000	0.000	0.000	0.000	0.000	0.000	18.961	0.000	0.000	0.000	0	6.55	13.43	8.52	10.1	62.4	27.5	10.98	13.31	73.38	14.97	0.72	2392	12.93	13.70	70.58	14.13	0.80	2096	50x50	0	4	1	3	2
148	7	Dornburg	DO_2009	11.657303	51.000746	1609	Mollic_Leptosol	BB-RR	uuT	Silphie	C_Sp_int1	4	2009	3	autumn	2013	09.10.2013	4	5	0	0	3	14	0	0	0	0	0	0	0	7.439	0.000	0.000	0.495	1.192	0.000	0.000	0.000	0.000	0.000	0.000	0	6.55	13.43	8.52	10.1	62.4	27.5	10.98	13.31	73.38	14.97	0.72	2392	12.93	13.70	70.58	14.13	0.80	2096	50x50	0	4	1	3	2
149	8	Erfurt	EF_2009	11.004722	50.981567	2818	Chernozem	TTn	uuT	Silphie	C_Sp_int1	4	2009	3	autumn	2013	16.10.2013	1	6	4	0	1	41	0	0	7	0	0	0	4	6.139	1.707	0.000	0.285	3.901	0.000	0.000	7.123	0.000	0.000	0.000	0	7.21	21.73	13.15	10.2	62.1	27.7	8.98	10.15	80.53	11.61	2.40	2235	7.19	8.28	90.38	9.47	0.10	679	90x50	0	3	1	3	2
150	8	Erfurt	EF_2009	11.004722	50.981567	2818	Chernozem	TTn	uuT	Silphie	C_Sp_int1	4	2009	3	autumn	2013	16.10.2013	2	11	1	0	0	7	0	0	4	2	0	0	7	16.354	0.476	0.000	0.000	0.695	0.000	0.000	4.709	0.279	0.000	0.000	0	7.21	21.73	13.15	10.2	62.1	27.7	8.98	10.15	80.53	11.61	2.40	2235	7.19	8.28	90.38	9.47	0.10	679	90x50	0	3	1	3	2
151	8	Erfurt	EF_2009	11.004722	50.981567	2818	Chernozem	TTn	uuT	Silphie	C_Sp_int1	4	2009	3	autumn	2013	16.10.2013	3	13	7	0	2	69	0	0	7	2	0	0	2	12.507	2.149	0.000	0.272	4.824	0.000	0.000	13.131	0.788	0.000	0.000	0	7.21	21.73	13.15	10.2	62.1	27.7	8.98	10.15	80.53	11.61	2.40	2235	7.19	8.28	90.38	9.47	0.10	679	90x50	0	3	1	3	2
152	8	Erfurt	EF_2009	11.004722	50.981567	2818	Chernozem	TTn	uuT	Silphie	C_Sp_int1	4	2009	3	autumn	2013	16.10.2013	4	7	2	0	1	44	0	0	1	1	0	0	0	6.158	0.425	0.000	0.504	4.703	0.000	0.000	1.467	0.099	0.000	0.000	0	7.21	21.73	13.15	10.2	62.1	27.7	8.98	10.15	80.53	11.61	2.40	2235	7.19	8.28	90.38	9.47	0.10	679	90x50	0	3	1	3	2
153	9	Poppenburg	PO_2009	9.780602	52.145969	120	Haplic_Luvisol	LLn	tU	Silphie	C_Sp_int1	4	2009	3	autumn	2013	01.10.2013	1	1	0	5	1	2	0	0	4	0	0	0	4	0.135	0.000	2.914	0.167	0.089	0.000	0.000	6.786	0.000	0.000	0.000	0	6.00	9.50	9.02	16.9	68.6	14.5	12.51	12.91	84.33	14.69	1.41	2695	6.28	6.37	77.22	10.49	0.00	3834	50x50	0	3	2	2	2
154	9	Poppenburg	PO_2009	9.780602	52.145969	120	Haplic_Luvisol	LLn	tU	Silphie	C_Sp_int1	4	2009	3	autumn	2013	01.10.2013	2	3	0	5	0	2	0	0	6	0	0	0	2	0.788	0.000	5.147	0.000	0.792	0.000	0.000	8.886	0.000	0.000	0.000	0	6.00	9.50	9.02	16.9	68.6	14.5	12.51	12.91	84.33	14.69	1.41	2695	6.28	6.37	77.22	10.49	0.00	3834	50x50	0	3	2	2	2
155	9	Poppenburg	PO_2009	9.780602	52.145969	120	Haplic_Luvisol	LLn	tU	Silphie	C_Sp_int1	4	2009	3	autumn	2013	01.10.2013	3	4	0	5	1	4	0	0	2	0	0	0	1	2.690	0.000	3.756	0.224	0.316	0.000	0.000	1.198	0.000	0.000	0.000	0	6.00	9.50	9.02	16.9	68.6	14.5	12.51	12.91	84.33	14.69	1.41	2695	6.28	6.37	77.22	10.49	0.00	3834	50x50	0	3	2	2	2
156	9	Poppenburg	PO_2009	9.780602	52.145969	120	Haplic_Luvisol	LLn	tU	Silphie	C_Sp_int1	4	2009	3	autumn	2013	01.10.2013	4	2	0	4	0	4	0	0	6	1	1	0	2	1.011	0.000	4.444	0.000	0.217	0.000	0.000	8.082	0.134	1.559	0.000	0	6.00	9.50	9.02	16.9	68.6	14.5	12.51	12.91	84.33	14.69	1.41	2695	6.28	6.37	77.22	10.49	0.00	3834	50x50	0	3	2	2	2
157	10	Erfurt	EF_2011	10.999336	50.980493	9247	Chernozem	TTn	uuT	Silphie	B_Sp_young	2	2011	3	autumn	2013	14.10.2013	1	0	0	0	2	4	0	0	1	0	0	0	0	0.000	0.000	0.000	0.412	0.401	0.000	0.000	2.537	0.000	0.000	0.000	0	7.13	22.93	18.34	12.7	58	29.3	10.59	9.82	83.10	12.27	0.91	2176	7.01	6.19	91.38	8.07	0.00	1298	90x50	0	3	1	3	2
158	10	Erfurt	EF_2011	10.999336	50.980493	9247	Chernozem	TTn	uuT	Silphie	B_Sp_young	2	2011	3	autumn	2013	14.10.2013	2	1	0	0	0	3	0	0	1	0	0	0	0	0.799	0.000	0.000	0.000	0.529	0.000	0.000	5.334	0.000	0.000	0.000	0	7.13	22.93	18.34	12.7	58	29.3	10.59	9.82	83.10	12.27	0.91	2176	7.01	6.19	91.38	8.07	0.00	1298	90x50	0	3	1	3	2
159	10	Erfurt	EF_2011	10.999336	50.980493	9247	Chernozem	TTn	uuT	Silphie	B_Sp_young	2	2011	3	autumn	2013	14.10.2013	3	0	0	0	1	5	0	0	3	0	0	0	0	0.000	0.000	0.000	0.562	0.467	0.000	0.000	7.593	0.000	0.000	0.000	0	7.13	22.93	18.34	12.7	58	29.3	10.59	9.82	83.10	12.27	0.91	2176	7.01	6.19	91.38	8.07	0.00	1298	90x50	0	3	1	3	2
160	10	Erfurt	EF_2011	10.999336	50.980493	9247	Chernozem	TTn	uuT	Silphie	B_Sp_young	2	2011	3	autumn	2013	14.10.2013	4	0	0	0	0	8	0	0	1	0	0	0	1	0.000	0.000	0.000	0.000	0.756	0.000	0.000	0.238	0.000	0.000	0.000	0	7.13	22.93	18.34	12.7	58	29.3	10.59	9.82	83.10	12.27	0.91	2176	7.01	6.19	91.38	8.07	0.00	1298	90x50	0	3	1	3	2
161	11	Niederdorla	ND_2011	10.399994	51.136251	9278	Stagnic_Luvisol	SS-LL	tU	Silphie	B_Sp_young	2	2011	3	autumn	2013	14.10.2013	1	0	0	0	2	1	0	0	6	0	0	0	1	0.000	0.000	0.000	0.698	0.525	0.000	0.000	6.753	0.000	0.000	0.000	0	6.65	22.88	8.82	10.1	69.6	20.3	10.59	9.82	83.10	12.27	0.91	2176	7.01	6.19	91.38	8.07	0.00	1298	50x50	0	2	2	3	3
162	11	Niederdorla	ND_2011	10.399994	51.136251	9278	Stagnic_Luvisol	SS-LL	tU	Silphie	B_Sp_young	2	2011	3	autumn	2013	14.10.2013	2	1	1	0	1	4	0	0	4	0	0	0	1	0.658	0.069	0.000	0.116	0.238	0.000	0.000	3.423	0.000	0.000	0.000	0	6.65	22.88	8.82	10.1	69.6	20.3	10.59	9.82	83.10	12.27	0.91	2176	7.01	6.19	91.38	8.07	0.00	1298	50x50	0	2	2	3	3
163	11	Niederdorla	ND_2011	10.399994	51.136251	9278	Stagnic_Luvisol	SS-LL	tU	Silphie	B_Sp_young	2	2011	3	autumn	2013	14.10.2013	3	0	0	0	2	2	0	0	4	2	0	0	1	0.000	0.000	0.000	0.268	0.148	0.000	0.000	2.022	0.644	0.000	0.000	0	6.65	22.88	8.82	10.1	69.6	20.3	10.59	9.82	83.10	12.27	0.91	2176	7.01	6.19	91.38	8.07	0.00	1298	50x50	0	2	2	3	3
164	11	Niederdorla	ND_2011	10.399994	51.136251	9278	Stagnic_Luvisol	SS-LL	tU	Silphie	B_Sp_young	2	2011	3	autumn	2013	14.10.2013	4	1	0	0	0	1	0	0	0	1	0	0	1	0.771	0.000	0.000	0.000	0.096	0.000	0.000	0.000	0.223	0.000	0.000	0	6.65	22.88	8.82	10.1	69.6	20.3	10.59	9.82	83.10	12.27	0.91	2176	7.01	6.19	91.38	8.07	0.00	1298	50x50	0	2	2	3	3
165	12	Ronneberg	RO_2011	9.609485	52.295013	1197	Haplic_Luvisol	LLn	ttU	Silphie	B_Sp_young	2	2011	3	autumn	2013	30.11.2013	1	0	0	0	0	1	0	0	5	0	0	0	0	0.000	0.000	0.000	0.000	0.150	0.000	0.000	20.493	0.000	0.000	0.000	0	5.27	21.62	9.86	10.4	75.1	14.5	5.65	7.80	87.52	8.15	1.95	818	6.58	10.37	76.06	10.86	0.00	3965	60x60	0	4	4	4	3
166	12	Ronneberg	RO_2011	9.609485	52.295013	1197	Haplic_Luvisol	LLn	ttU	Silphie	B_Sp_young	2	2011	3	autumn	2013	30.11.2013	2	0	0	0	0	0	0	0	0	0	0	0	0	0.000	0.000	0.000	0.000	0.000	0.000	0.000	0.000	0.000	0.000	0.000	0	5.27	21.62	9.86	10.4	75.1	14.5	5.65	7.80	87.52	8.15	1.95	818	6.58	10.37	76.06	10.86	0.00	3965	60x60	0	4	4	4	3
167	12	Ronneberg	RO_2011	9.609485	52.295013	1197	Haplic_Luvisol	LLn	ttU	Silphie	B_Sp_young	2	2011	3	autumn	2013	30.11.2013	3	0	0	0	0	0	0	0	0	0	0	0	0	0.000	0.000	0.000	0.000	0.000	0.000	0.000	0.000	0.000	0.000	0.000	0	5.27	21.62	9.86	10.4	75.1	14.5	5.65	7.80	87.52	8.15	1.95	818	6.58	10.37	76.06	10.86	0.00	3965	60x60	0	4	4	4	3
168	12	Ronneberg	RO_2011	9.609485	52.295013	1197	Haplic_Luvisol	LLn	ttU	Silphie	B_Sp_young	2	2011	3	autumn	2013	30.11.2013	4	0	0	0	0	0	0	0	0	0	0	0	0	0.000	0.000	0.000	0.000	0.000	0.000	0.000	0.000	0.000	0.000	0.000	0	5.27	21.62	9.86	10.4	75.1	14.5	5.65	7.80	87.52	8.15	1.95	818	6.58	10.37	76.06	10.86	0.00	3965	60x60	0	4	4	4	3
169	16	Dornburg	DO_MaisII	11.658923	51.002741	1792	Mollic_Leptosol	BB-RR	uT	Maize	A_Cm	0	2013	3	autumn	2013	08.10.2013	1	0	0	0	0	1	0	0	0	0	0	0	1	0.000	0.000	0.000	0.000	0.000	0.000	0.000	0.000	0.000	0.000	0.000	0	6.94	13.74	8.91	5.1	61.1	33.8	10.91	13.39	73.71	15.11	1.72	2392	12.58	13.78	71.00	13.97	0.00	1849	75x20	1	3	3	6	3
170	16	Dornburg	DO_MaisII	11.658923	51.002741	1792	Mollic_Leptosol	BB-RR	uT	Maize	A_Cm	0	2013	3	autumn	2013	08.10.2013	2	0	0	0	0	0	0	0	0	0	0	0	2	0.000	0.000	0.000	0.000	0.000	0.000	0.000	0.000	0.000	0.000	0.000	0	6.94	13.74	8.91	5.1	61.1	33.8	10.91	13.39	73.71	15.11	1.72	2392	12.58	13.78	71.00	13.97	0.00	1849	75x20	1	3	3	6	3
171	16	Dornburg	DO_MaisII	11.658923	51.002741	1792	Mollic_Leptosol	BB-RR	uT	Maize	A_Cm	0	2013	3	autumn	2013	08.10.2013	3	0	0	0	0	0	0	0	1	0	0	0	0	0.000	0.000	0.000	0.000	0.000	0.000	0.000	6.175	0.000	0.000	0.000	0	6.94	13.74	8.91	5.1	61.1	33.8	10.91	13.39	73.71	15.11	1.72	2392	12.58	13.78	71.00	13.97	0.00	1849	75x20	1	3	3	6	3
172	16	Dornburg	DO_MaisII	11.658923	51.002741	1792	Mollic_Leptosol	BB-RR	uT	Maize	A_Cm	0	2013	3	autumn	2013	08.10.2013	4	0	0	0	0	0	0	0	0	0	0	0	0	0.000	0.000	0.000	0.000	0.000	0.000	0.000	0.000	0.000	0.000	0.000	0	6.94	13.74	8.91	5.1	61.1	33.8	10.91	13.39	73.71	15.11	1.72	2392	12.58	13.78	71.00	13.97	0.00	1849	75x20	1	3	3	6	3
173	17	Pahren	PA_Mais	11.910338	50.644899	52601	stagnic_Luvisol	SSn	sL	Maize	A_Cm	0	2013	3	autumn	2013	07.10.2013	1	2	0	0	1	2	0	0	1	0	0	0	3	1.775	0.000	0.000	0.151	0.094	0.000	0.000	2.589	0.000	0.000	0.000	0	5.70	14.64	9.70	28.9	49.6	21.5	10.34	11.59	78.70	12.51	2.49	2644	11.63	12.10	88.58	11.13	0.00	1075	75x24	1	4	3	6	3
174	17	Pahren	PA_Mais	11.910338	50.644899	52601	stagnic_Luvisol	SSn	sL	Maize	A_Cm	0	2013	3	autumn	2013	07.10.2013	2	3	0	0	0	0	0	0	0	0	0	0	1	4.133	0.000	0.000	0.000	0.000	0.000	0.000	0.000	0.000	0.000	0.000	0	5.70	14.64	9.70	28.9	49.6	21.5	10.34	11.59	78.70	12.51	2.49	2644	11.63	12.10	88.58	11.13	0.00	1075	75x24	1	4	3	6	3
175	17	Pahren	PA_Mais	11.910338	50.644899	52601	stagnic_Luvisol	SSn	sL	Maize	A_Cm	0	2013	3	autumn	2013	07.10.2013	3	6	0	0	0	6	0	0	2	0	0	0	0	8.044	0.000	0.000	0.000	0.468	0.000	0.000	1.961	0.000	0.000	0.000	0	5.70	14.64	9.70	28.9	49.6	21.5	10.34	11.59	78.70	12.51	2.49	2644	11.63	12.10	88.58	11.13	0.00	1075	75x24	1	4	3	6	3
176	17	Pahren	PA_Mais	11.910338	50.644899	52601	stagnic_Luvisol	SSn	sL	Maize	A_Cm	0	2013	3	autumn	2013	07.10.2013	4	2	0	0	0	5	0	0	0	1	0	0	1	1.618	0.000	0.000	0.000	0.154	0.000	0.000	0.000	0.052	0.000	0.000	0	5.70	14.64	9.70	28.9	49.6	21.5	10.34	11.59	78.70	12.51	2.49	2644	11.63	12.10	88.58	11.13	0.00	1075	75x24	1	4	3	6	3
177	18	Ronneberg	RO_MaisII	9.602275	52.294314	14858	Haplic_Luvisol	LLn	ttU	Maize	A_Cm	0	2013	3	autumn	2013	30.11.2013	1	0	0	0	0	1	0	0	0	0	0	0	0	0.000	0.000	0.000	0.000	0.003	0.000	0.000	0.000	0.000	0.000	0.000	0	6.36	16.26	10.45	9.4	72.1	18.5	5.65	7.80	87.52	8.15	1.95	818.47	6.5833	10.3666	76.0625	10.8583	0	3965	75x20	1	4	3	6	3
178	18	Ronneberg	RO_MaisII	9.602275	52.294314	14858	Haplic_Luvisol	LLn	ttU	Maize	A_Cm	0	2013	3	autumn	2013	30.11.2013	2	0	0	0	0	0	0	0	1	0	0	0	0	0.000	0.000	0.000	0.000	0.000	0.000	0.000	4.677	0.000	0.000	0.000	0	6.36	16.26	10.45	9.4	72.1	18.5	5.65	7.80	87.52	8.15	1.95	818.47	6.5833	10.3666	76.0625	10.8583	0	3965	75x20	1	4	3	6	3
179	18	Ronneberg	RO_MaisII	9.602275	52.294314	14858	Haplic_Luvisol	LLn	ttU	Maize	A_Cm	0	2013	3	autumn	2013	30.11.2013	3	0	0	0	0	0	0	0	0	0	0	0	0	0.000	0.000	0.000	0.000	0.000	0.000	0.000	0.000	0.000	0.000	0.000	0	6.36	16.26	10.45	9.4	72.1	18.5	5.65	7.80	87.52	8.15	1.95	818.47	6.5833	10.3666	76.0625	10.8583	0	3965	75x20	1	4	3	6	3
180	18	Ronneberg	RO_MaisII	9.602275	52.294314	14858	Haplic_Luvisol	LLn	ttU	Maize	A_Cm	0	2013	3	autumn	2013	30.11.2013	4	0	0	0	0	0	0	0	0	0	0	0	0	0.000	0.000	0.000	0.000	0.000	0.000	0.000	0.000	0.000	0.000	0.000	0	6.36	16.26	10.45	9.4	72.1	18.5	5.65	7.80	87.52	8.15	1.95	818.47	6.5833	10.3666	76.0625	10.8583	0	3965	75x20	1	4	3	6	3
